,0
0,"                  0         1         2         3         4         5   \
1951-01-19  0.365099  0.209881  0.793259  0.920089  0.538555 -0.152173   
1951-01-22 -0.501968  0.650598  0.359396  0.825813  0.577023 -0.055895   
1951-01-23 -0.517980  0.528201  0.359396  0.852141  0.578641 -0.112799   
1951-01-24 -0.431254  0.365099  0.209881  0.516199  0.558622 -0.092298   
1951-01-25 -0.595512  0.365099  0.336160  0.241602  0.659718 -0.361655   
1951-01-26 -0.140194  0.110512  1.116071  0.475457  0.793679 -0.388494   
1951-01-29  0.744505 -0.431254  0.365099  0.359396  0.918575 -0.206305   
1951-01-30  1.049384 -0.595512  0.365099  0.444595  0.685960 -0.086880   
1951-01-31  1.144062 -0.140194  0.110512  0.499851  0.484759  0.213087   
1951-02-01  0.918945 -0.140194 -0.501968  1.021783  0.658296  0.311216   
1951-02-02  1.003458  0.148581 -0.517980  0.306499  0.611347  0.285055   
1951-02-05  0.809091  1.144062 -0.140194  0.365099  0.660710  0.225274   
1951-02-06  0.812022  0.918945 -0.140194 -0.170650  0.693637  0.492695   
1951-02-07  0.391032  1.003458  0.148581 -0.285458  0.813198  0.520982   
1951-02-08  0.230403  1.003458  0.744505 -0.558983  0.546392  0.487072   
1951-02-09  0.295655  0.513253  1.049384 -0.533870  0.486856  0.538555   
1951-02-13  0.441663  0.230403  1.003458  0.711720  0.388188  0.578641   
1951-02-14  0.070064  0.295655  0.513253  0.694909  0.183123  0.558622   
1951-02-15 -0.393445  0.295655  0.809091  0.726382  0.161105  0.659718   
1951-02-16 -0.068014 -0.050400  0.812022  1.071371  0.182594  0.793679   
1951-02-19 -0.606275  0.070064  0.295655  1.003458  0.367861  0.918575   
1951-02-20 -0.572736 -0.393445  0.295655  0.746577  0.339053  0.685960   
1951-02-21 -0.240824 -0.068014 -0.050400  0.536492  0.248805  0.484759   
1951-02-23 -0.362421 -0.068014  0.441663  0.452624  0.347594  0.611347   
1951-02-26  0.328600 -0.240824 -0.068014  0.295655  0.488855  0.660710   
1951-02-27 -0.233176 -0.623858 -0.068014 -0.050400  0.367771  0.693637   
1951-02-28 -0.104244 -0.362421 -0.068014  0.105409  0.239148  0.813198   
1951-03-01 -0.121580 -0.362421 -0.606275  0.227296  0.242545  0.546392   
1951-03-02  0.015291  0.211343 -0.572736 -0.155918  0.344205  0.486856   
1951-03-05  0.054151 -0.104244 -0.362421 -0.068014  0.386306  0.375362   
...              ...       ...       ...       ...       ...       ...   
2018-11-02  0.743938 -1.347967 -0.943942  0.465807 -0.542858  0.101325   
2018-11-05  0.795163  0.101112 -1.210547  0.017978 -0.596046  0.063921   
2018-11-06  0.618707  1.172654 -1.210547  0.067336 -0.355767  0.047388   
2018-11-07  1.027998  0.743938 -1.347967 -0.762921 -0.345657  0.031682   
2018-11-08  1.174316  0.743938 -1.388230 -1.703981 -0.452318  0.085158   
2018-11-09  0.656660  1.181990  0.399836 -0.688981 -0.482334  0.120178   
2018-11-12 -0.391979  1.027998  0.743938 -1.210547 -0.523572  0.176420   
2018-11-13 -1.263921  1.174316  0.743938 -1.280028 -0.611502  0.154378   
2018-11-14 -1.458304  0.656660  1.181990 -0.628959 -0.904200  0.125285   
2018-11-15 -0.697724  0.656660  0.795163  0.653456 -0.732109  0.043376   
2018-11-16 -0.489831  0.605621  0.618707  0.405455 -0.820085 -0.060476   
2018-11-19 -0.437819 -1.458304  0.656660  0.743938 -0.829996 -0.066917   
2018-11-20 -0.844522 -0.697724  0.656660  1.117756 -0.675692 -0.027032   
2018-11-21 -1.134667 -0.489831  0.605621  0.828553 -0.557824 -0.394330   
2018-11-23 -1.471987  0.144782 -1.263921  0.745268 -0.003720 -0.542858   
2018-11-26  0.615900 -1.134667 -0.489831  0.656660 -0.086396 -0.596046   
2018-11-27  0.627091 -1.626802 -0.489831 -0.121160  0.030465 -0.355767   
2018-11-28  1.353141 -1.471987  0.144782 -0.359139  0.027710 -0.345657   
2018-11-29  1.521136 -1.471987 -0.437819 -1.243774  0.006034 -0.452318   
2018-11-30  1.468093 -1.109921 -0.844522 -0.840972  0.055921 -0.482334   
2018-12-03  1.533358  1.353141 -1.471987 -0.489831 -0.129877 -0.523572   
2018-12-04 -0.593156  1.521136 -1.471987 -0.395811 -0.102809 -0.611502   
2018-12-06 -1.175651  1.468093  0.615900 -0.582062  0.275724 -0.732109   
2018-12-07 -1.777866  1.238251  0.627091 -1.134667  0.118156 -0.820085   
2018-12-10 -1.182540 -0.679020  1.468093 -1.471987  0.124728 -0.829996   
2018-12-11 -0.900599 -1.175651  1.468093 -0.235574  0.013370 -0.675692   
2018-12-12 -0.633850 -1.777866  1.238251  0.587263 -0.107902 -0.557824   
2018-12-13  0.254595 -1.777866  1.533358  1.353141 -0.226291 -0.140679   
2018-12-14 -0.383081 -2.931082 -0.593156  1.015401 -0.401649 -0.003720   
2018-12-17 -1.331139 -0.633850 -1.777866  1.468093 -0.177756 -0.086396   

                  6         7         8         9         10        11  \
1951-01-19  0.127651  0.102749  1.058748  1.098456  1.026957  1.154645   
1951-01-22  0.119929  0.120497  1.057062  1.078629  1.083032  1.090267   
1951-01-23  0.096677  0.107401  1.088125  1.057774  1.083032  1.076481   
1951-01-24  0.156700  0.081137  1.071082  1.058748  1.098456  1.024822   
1951-01-25  0.178856  0.088107  1.000912  1.058748  1.131537  1.050762   
1951-01-26  0.177453  0.090647  0.978513  1.035005  1.104102  1.062704   
1951-01-29  0.139907  0.077557  0.942151  1.071082  1.058748  1.083032   
1951-01-30  0.033760  0.059853  0.968112  1.000912  1.058748  1.109508   
1951-01-31  0.050576  0.074163  1.046746  0.978513  1.035005  1.112478   
1951-02-01  0.025987  0.076930  1.088755  0.978513  1.057062  1.081007   
1951-02-02  0.051628  0.079629  1.086270  0.942024  1.088125  1.073405   
1951-02-05 -0.073897  0.103051  1.056553  1.046746  0.978513  1.058748   
1951-02-06 -0.059682  0.095712  1.044644  1.088755  0.978513  1.052898   
1951-02-07 -0.028319  0.124504  1.046962  1.086270  0.942024  1.068225   
1951-02-08 -0.099328  0.109470  1.021255  1.086270  0.942151  1.067367   
1951-02-09 -0.079668  0.130360  1.004736  1.079490  0.968112  1.013258   
1951-02-13 -0.047971  0.116686  0.863684  1.021255  1.086270  0.976296   
1951-02-14 -0.010467  0.097672  0.774123  1.004736  1.079490  0.971357   
1951-02-15 -0.068539  0.094156  0.704709  1.004736  1.056553  0.993789   
1951-02-16 -0.084961  0.073900  0.712994  1.006812  1.044644  1.048788   
1951-02-19  0.010774  0.050629  0.762325  0.774123  1.004736  1.086270   
1951-02-20  0.054771  0.053884  0.766190  0.704709  1.004736  1.062878   
1951-02-21  0.024618  0.077928  0.768834  0.712994  1.006812  1.055015   
1951-02-23  0.019282  0.102666  0.765473  0.712994  0.863684  1.032269   
1951-02-26  0.030443  0.098975  0.720137  0.768834  0.712994  1.004736   
1951-02-27  0.003727  0.114080  0.711948  0.779162  0.712994  1.006812   
1951-02-28  0.050427  0.119779  0.715450  0.765473  0.712994  0.914320   
1951-03-01  0.069855  0.065679  0.719462  0.765473  0.762325  0.823967   
1951-03-02  0.157070  0.065221  0.723140  0.728559  0.766190  0.763196   
1951-03-05  0.130950  0.052908  0.730668  0.715450  0.765473  0.712994   
...              ...       ...       ...       ...       ...       ...   
2018-11-02  0.227223  0.015955  1.897519  1.929423  1.945744  1.794076   
2018-11-05  0.229738 -0.006428  1.919913  1.895984  1.932559  1.859170   
2018-11-06  0.213241 -0.035278  1.928539  1.891086  1.932559  1.931901   
2018-11-07  0.220732 -0.013484  1.833073  1.897519  1.929423  1.937986   
2018-11-08  0.203351  0.020955  1.715261  1.897519  1.927452  1.935191   
2018-11-09  0.166345  0.059042  1.627450  1.888643  1.907385  1.936528   
2018-11-12  0.143858  0.065595  1.450867  1.833073  1.897519  1.932559   
2018-11-13  0.126495  0.052392  1.431752  1.715261  1.897519  1.930143   
2018-11-14  0.115849  0.035392  1.426595  1.627450  1.888643  1.904503   
2018-11-15  0.158124  0.051519  1.465502  1.627450  1.919913  1.907209   
2018-11-16  0.129181  0.045608  1.454365  1.549866  1.928539  1.899208   
2018-11-19  0.106469  0.013457  1.452382  1.426595  1.627450  1.897519   
2018-11-20  0.128320  0.022623  1.498626  1.465502  1.627450  1.898472   
2018-11-21  0.119028  0.037512  1.452565  1.454365  1.549866  1.924133   
2018-11-23  0.150673  0.040315  1.409789  1.431703  1.431752  1.756859   
2018-11-26  0.141904  0.040550  1.326298  1.452565  1.454365  1.627450   
2018-11-27  0.131168  0.073712  1.357654  1.466814  1.454365  1.548895   
2018-11-28  0.103602  0.087021  1.430530  1.409789  1.431703  1.451450   
2018-11-29  0.081952  0.084945  1.524735  1.409789  1.452382  1.431676   
2018-11-30  0.092286  0.117435  1.538755  1.367553  1.498626  1.427644   
2018-12-03  0.127138  0.144007  1.624958  1.430530  1.409789  1.454365   
2018-12-04  0.145438  0.105104  1.716578  1.524735  1.409789  1.452662   
2018-12-06  0.106832  0.147162  1.836468  1.538755  1.326298  1.448419   
2018-12-07  0.071122  0.131223  1.902563  1.550297  1.357654  1.452565   
2018-12-10  0.053910  0.135859  2.013212  1.750258  1.538755  1.409789   
2018-12-11  0.036980  0.179315  2.004554  1.836468  1.538755  1.398811   
2018-12-12 -0.084922  0.157075  2.038364  1.902563  1.550297  1.330138   
2018-12-13 -0.154298  0.134609  1.937969  1.902563  1.624958  1.430530   
2018-12-14 -0.100848  0.110470  1.911235  1.989982  1.716578  1.467531   
2018-12-17 -0.096719  0.141409  1.822772  2.038364  1.902563  1.538755   

                  12        13        14        15  
1951-01-19  1.594460  1.526424  1.099249  1.196785  
1951-01-22  1.562908  1.581651  1.109743  1.196834  
1951-01-23  1.497978  1.612395  1.108434  1.199461  
1951-01-24  1.441430  1.674506  1.107879  1.201213  
1951-01-25  1.389850  1.735861  1.113363  1.203795  
1951-01-26  1.334368  1.738876  1.112162  1.207800  
1951-01-29  1.279885  1.779335  1.112516  1.210429  
1951-01-30  1.246721  1.811395  1.130165  1.214347  
1951-01-31  1.228804  1.803425  1.144090  1.218656  
1951-02-01  1.207418  1.793573  1.157946  1.222718  
1951-02-02  1.190320  1.780507  1.172681  1.226563  
1951-02-05  1.174881  1.791974  1.197538  1.232495  
1951-02-06  1.165639  1.743745  1.223417  1.238369  
1951-02-07  1.144790  1.697194  1.250399  1.237375  
1951-02-08  1.117162  1.647594  1.272233  1.246007  
1951-02-09  1.090784  1.594460  1.291926  1.255268  
1951-02-13  1.081707  1.497978  1.326192  1.272528  
1951-02-14  1.063248  1.441430  1.338813  1.276299  
1951-02-15  1.048603  1.389850  1.354910  1.282140  
1951-02-16  1.039734  1.334368  1.364665  1.285294  
1951-02-19  1.044678  1.279885  1.372922  1.289044  
1951-02-20  1.048856  1.246721  1.377851  1.292351  
1951-02-21  1.053550  1.228804  1.383638  1.294459  
1951-02-23  1.047099  1.190320  1.398956  1.288784  
1951-02-26  1.038380  1.174881  1.410424  1.284178  
1951-02-27  1.031827  1.165639  1.422886  1.280622  
1951-02-28  1.033701  1.144790  1.439072  1.276824  
1951-03-01  1.032755  1.117162  1.458948  1.277669  
1951-03-02  1.025640  1.090784  1.463958  1.279709  
1951-03-05  1.023173  1.079629  1.471725  1.282301  
...              ...       ...       ...       ...  
2018-11-02  0.655367  0.460811  0.643703  1.083879  
2018-11-05  0.725055  0.463741  0.641481  1.080515  
2018-11-06  0.812330  0.466884  0.635068  1.077629  
2018-11-07  0.899388  0.470184  0.629095  1.076285  
2018-11-08  0.987207  0.470125  0.627146  1.071133  
2018-11-09  1.077208  0.468271  0.619949  1.066216  
2018-11-12  1.166795  0.462649  0.610694  1.062958  
2018-11-13  1.259634  0.458170  0.598243  1.055890  
2018-11-14  1.351617  0.459017  0.591212  1.050133  
2018-11-15  1.447343  0.459735  0.581784  1.043492  
2018-11-16  1.541909  0.463222  0.573690  1.036733  
2018-11-19  1.634429  0.468889  0.567095  1.029824  
2018-11-20  1.719874  0.470550  0.561359  1.023781  
2018-11-21  1.811176  0.523578  0.555185  1.017797  
2018-11-23  1.879519  0.655367  0.547083  1.009795  
2018-11-26  1.899002  0.725055  0.544551  1.005749  
2018-11-27  1.921475  0.812330  0.543883  1.000540  
2018-11-28  1.897709  0.899388  0.543511  0.994942  
2018-11-29  1.869275  0.987207  0.543362  0.988931  
2018-11-30  1.827449  1.077208  0.543990  0.979956  
2018-12-03  1.802041  1.166795  0.541327  0.973643  
2018-12-04  1.771334  1.259634  0.536780  0.960513  
2018-12-06  1.710666  1.447343  0.527243  0.932594  
2018-12-07  1.676773  1.541909  0.523196  0.917158  
2018-12-10  1.652073  1.634429  0.518746  0.914172  
2018-12-11  1.632281  1.719874  0.514176  0.897658  
2018-12-12  1.596961  1.811176  0.529291  0.879109  
2018-12-13  1.576325  1.848218  0.548801  0.859582  
2018-12-14  1.531432  1.879519  0.573141  0.839866  
2018-12-17  1.502721  1.899002  0.596203  0.820402  

[17088 rows x 16 columns]"
1,"                  0         1         2         3         4         5   \
1966-02-01  0.557188  0.394144  0.315566 -0.118936  0.305351  0.044214   
1966-02-02  0.746344  0.492420  0.292149  0.059839  0.377938  0.019806   
1966-02-03  0.335485  0.492420  0.768488 -0.063780  0.300166 -0.004354   
1966-02-04  0.337298  0.284332  0.630320  0.087820  0.276255 -0.093645   
1966-02-07  0.268150  0.746344  0.492420  0.315566  0.206736  0.216465   
1966-02-08  0.224945  0.335485  0.492420  0.498674  0.010788  0.589728   
1966-02-09  0.449050  0.337298  0.284332  0.513144 -0.017855  0.388943   
1966-02-10  0.042365  0.337298  0.501695  0.695075  0.026506  0.340186   
1966-02-14 -1.028291  0.449050  0.337298  0.492420  0.199814  0.542435   
1966-02-15 -1.370366  0.042365  0.337298  0.299710  0.152611  0.585826   
1966-02-16 -0.634111  0.042365  0.331318  0.636570  0.148915  0.438339   
1966-02-17 -0.925480  0.042365  0.268150  0.558263  0.218758  0.465828   
1966-02-18 -0.456159 -0.251312  0.224945  0.445493  0.167745  0.354835   
1966-02-21  0.259807 -0.634111  0.042365  0.337298  0.226482  0.411091   
1966-02-22  0.020819 -0.925480  0.042365  0.449734  0.285831  0.305351   
1966-02-23  0.769500 -0.456159 -0.251312  0.292469  0.413145  0.377938   
1966-02-24  0.616821 -0.456159 -1.028291  0.207657  0.324368  0.300166   
1966-02-25  0.508756 -0.084901 -1.370366  0.102802  0.357234  0.276255   
1966-02-28  0.825721  0.769500 -0.456159  0.042365  0.415614  0.206736   
1966-03-01  0.783624  0.616821 -0.456159 -0.673782  0.414395  0.010788   
1966-03-02  0.464514  0.508756 -0.084901 -0.993148  0.459339 -0.017855   
1966-03-03  0.507239  0.508756  0.259807 -0.796130  0.376424  0.026506   
1966-03-04  0.515427  0.513167  0.020819 -0.925480  0.363073  0.113279   
1966-03-07  0.249504  0.464514  0.508756 -0.456159  0.158457  0.199814   
1966-03-08  0.594201  0.507239  0.508756  0.030302  0.010958  0.152611   
1966-03-09  0.474760  0.515427  0.513167  0.201971  0.106612  0.148915   
1966-03-10  0.096520  0.515427  0.825721  0.255683 -0.076967  0.218758   
1966-03-11 -0.192654  0.339074  0.783624  0.777681  0.030712  0.167745   
1966-03-14 -0.196518  0.474760  0.515427  0.508756  0.004418  0.226482   
1966-03-15 -0.033741  0.096520  0.515427  0.654702 -0.021622  0.285831   
...              ...       ...       ...       ...       ...       ...   
2018-10-25 -1.647078 -0.158388 -1.496296 -0.735223  0.493696  0.149840   
2018-10-26 -1.409725  0.344728 -1.178658 -1.704609  0.347477  0.221257   
2018-10-29 -1.139715 -0.725848 -0.158388 -1.338077  0.266985  0.169906   
2018-10-30 -0.823014 -1.647078 -0.158388 -1.504632  0.138060  0.211455   
2018-10-31  0.888085 -1.409725  0.344728 -0.906581  0.033753  0.290217   
2018-11-01  0.694179 -1.409725  0.088490 -0.641663 -0.379302  0.279190   
2018-11-02  1.152027 -1.868987 -1.065152  0.078059 -0.341956  0.335864   
2018-11-05  0.614058  0.888085 -1.409725 -0.158388 -0.565481  0.361435   
2018-11-06  0.316549  0.694179 -1.409725  0.361247 -0.430963  0.443280   
2018-11-07  0.544157  1.152027 -1.868987 -0.550858 -0.353401  0.479591   
2018-11-08  0.326682  1.152027 -1.139715 -0.767107 -0.445853  0.440114   
2018-11-09  0.016390  1.487824 -0.823014 -1.447170 -0.412503  0.587236   
2018-11-12  0.166475  0.544157  1.152027 -1.409725 -0.489414  0.697420   
2018-11-13 -0.352243  0.326682  1.152027 -1.533422 -0.737068  0.681338   
2018-11-14 -0.832655  0.016390  1.487824 -0.573397 -0.716684  0.518320   
2018-11-15 -0.583537  0.016390  0.614058 -0.156023 -0.954480  0.493696   
2018-11-16 -0.598424  0.471284  0.316549  0.463281 -0.941620  0.347477   
2018-11-19  0.015362 -0.832655  0.016390  1.152027 -0.892269  0.266985   
2018-11-20 -0.349967 -0.583537  0.016390  0.829622 -0.730760  0.138060   
2018-11-21 -0.394768 -0.598424  0.471284  0.755628 -0.477640  0.033753   
2018-11-22 -0.042239 -0.598424  0.166475  0.188139 -0.566244 -0.379302   
2018-11-26  0.411361 -0.394768 -0.598424  0.016390 -0.242726 -0.565481   
2018-11-27  0.796883 -0.042239 -0.598424  0.397561 -0.024429 -0.430963   
2018-11-28  0.943076 -0.042239 -0.773696 -0.346895 -0.135540 -0.353401   
2018-11-29  0.819575 -0.042239  0.015362 -0.243421 -0.097590 -0.445853   
2018-11-30  0.748139 -0.308273 -0.349967 -0.711785 -0.115880 -0.412503   
2018-12-03  0.816720  0.943076 -0.042239 -0.598424 -0.068992 -0.489414   
2018-12-04 -0.175210  0.819575 -0.042239 -0.467785 -0.245723 -0.737068   
2018-12-05 -0.441574  0.748139 -0.308273 -0.241600 -0.039466 -0.716684   
2018-12-06 -1.111584  0.748139  0.411361 -0.361475 -0.080302 -0.954480   

                  6         7         8         9         10        11  \
1966-02-01  0.298117  0.138951  0.534545  0.564069  0.712794  0.831435   
1966-02-02  0.266480  0.132241  0.520059  0.560861  0.698263  0.800015   
1966-02-03  0.362902  0.127755  0.531947  0.560861  0.666997  0.764771   
1966-02-04  0.326894  0.132738  0.539271  0.535749  0.613550  0.745936   
1966-02-07  0.236522  0.149994  0.543944  0.520059  0.560861  0.712794   
1966-02-08  0.319154  0.117721  0.541115  0.531947  0.560861  0.690873   
1966-02-09  0.364450  0.133349  0.505773  0.539271  0.535749  0.637218   
1966-02-10  0.286511  0.107509  0.515972  0.539271  0.543256  0.598442   
1966-02-14  0.315196  0.096732  0.620531  0.505773  0.539271  0.560861   
1966-02-15  0.323387  0.143718  0.742170  0.515972  0.539271  0.538225   
1966-02-16  0.274063  0.176476  0.803309  0.515972  0.537057  0.535238   
1966-02-17  0.242372  0.170484  0.818029  0.515972  0.543944  0.523818   
1966-02-18  0.266180  0.194908  0.847772  0.511058  0.541115  0.535163   
1966-02-21  0.239559  0.186156  0.898692  0.803309  0.515972  0.539271   
1966-02-22  0.245430  0.206700  0.932050  0.818029  0.515972  0.535788   
1966-02-23  0.252990  0.209312  0.963163  0.847772  0.511058  0.529074   
1966-02-24  0.281697  0.216736  0.975503  0.847772  0.620531  0.523734   
1966-02-25  0.313385  0.224162  0.972658  0.860211  0.742170  0.526491   
1966-02-28  0.362130  0.173542  0.947046  0.963163  0.847772  0.515972   
1966-03-01  0.411146  0.192278  0.890596  0.975503  0.847772  0.582797   
1966-03-02  0.384788  0.170659  0.834247  0.972658  0.860211  0.670181   
1966-03-03  0.356996  0.189403  0.720098  0.972658  0.898692  0.754823   
1966-03-04  0.358943  0.190360  0.665850  0.972560  0.932050  0.818029   
1966-03-07  0.366994  0.201648  0.548689  0.834247  0.972658  0.847772   
1966-03-08  0.352311  0.227520  0.458495  0.720098  0.972658  0.882779   
1966-03-09  0.329636  0.236083  0.443877  0.665850  0.972560  0.904197   
1966-03-10  0.361090  0.250050  0.472576  0.665850  0.947046  0.942969   
1966-03-11  0.339861  0.238103  0.518615  0.626273  0.890596  0.973751   
1966-03-14  0.361216  0.259499  0.620733  0.443877  0.665850  0.972658   
1966-03-15  0.276907  0.292558  0.694065  0.472576  0.665850  0.942880   
...              ...       ...       ...       ...       ...       ...   
2018-10-25 -0.011890  0.100213  1.561144  1.383814  1.162975  0.730863   
2018-10-26 -0.005770  0.070174  1.556342  1.418412  1.305081  0.891038   
2018-10-29  0.036022  0.043652  1.551449  1.529821  1.383814  1.044758   
2018-10-30  0.057631  0.017466  1.528941  1.561144  1.383814  1.084890   
2018-10-31  0.061048  0.026796  1.543370  1.556342  1.418412  1.197194   
2018-11-01  0.071357  0.023924  1.568580  1.556342  1.453041  1.333206   
2018-11-02  0.071032  0.040242  1.626139  1.577281  1.490205  1.361381   
2018-11-05  0.049701  0.001081  1.754628  1.543370  1.556342  1.383814   
2018-11-06  0.104402 -0.016474  1.787851  1.568580  1.556342  1.429247   
2018-11-07  0.094526 -0.034943  1.819096  1.626139  1.577281  1.481305   
2018-11-08  0.092073 -0.026203  1.688653  1.626139  1.551449  1.513242   
2018-11-09  0.091534  0.009604  1.629518  1.659914  1.528941  1.538304   
2018-11-12  0.070709  0.059236  1.468458  1.819096  1.626139  1.556342   
2018-11-13  0.073024  0.076826  1.411578  1.688653  1.626139  1.560032   
2018-11-14  0.049717  0.036996  1.426209  1.629518  1.659914  1.544231   
2018-11-15  0.104136  0.062900  1.416403  1.629518  1.754628  1.549143   
2018-11-16  0.104938  0.080320  1.349852  1.563344  1.787851  1.562291   
2018-11-19  0.059555  0.073990  1.212961  1.426209  1.629518  1.626139   
2018-11-20  0.096044  0.057803  1.111252  1.416403  1.629518  1.706774   
2018-11-21  0.112422  0.054679  1.019487  1.349852  1.563344  1.756271   
2018-11-22  0.101653  0.064566  0.946141  1.349852  1.468458  1.782872   
2018-11-26  0.136932  0.049089  0.866013  1.019487  1.349852  1.629518   
2018-11-27  0.179785  0.067938  0.822155  0.946141  1.349852  1.527335   
2018-11-28  0.176716  0.080326  0.773138  0.946141  1.341490  1.481854   
2018-11-29  0.138438  0.077813  0.741445  0.946141  1.212961  1.407887   
2018-11-30  0.177572  0.072131  0.720287  0.921081  1.111252  1.411717   
2018-12-03  0.176617  0.122015  0.633500  0.773138  0.946141  1.349852   
2018-12-04  0.198881  0.113028  0.726092  0.741445  0.946141  1.277456   
2018-12-05  0.180441  0.089241  0.805021  0.720287  0.921081  1.167626   
2018-12-06  0.142966  0.093370  0.929820  0.720287  0.866013  1.086340   

                  12        13        14        15  
1966-02-01  0.703087  1.703113  1.003837  0.989911  
1966-02-02  0.710180  1.679904  1.005608  0.997349  
1966-02-03  0.705770  1.713543  1.010609  1.005078  
1966-02-04  0.710214  1.662324  1.019480  1.012262  
1966-02-07  0.732576  1.606247  1.040557  1.015090  
1966-02-08  0.746644  1.513269  1.070592  1.014654  
1966-02-09  0.756461  1.413156  1.101554  1.014949  
1966-02-10  0.760318  1.312210  1.130931  1.011559  
1966-02-14  0.752432  1.189552  1.185779  1.004601  
1966-02-15  0.736810  1.080660  1.204560  1.005208  
1966-02-16  0.731729  0.982168  1.221279  1.006645  
1966-02-17  0.718870  0.884620  1.233836  1.007924  
1966-02-18  0.703710  0.798466  1.243851  1.009357  
1966-02-21  0.686844  0.715059  1.238372  1.011672  
1966-02-22  0.675364  0.703087  1.228144  1.014022  
1966-02-23  0.646454  0.710180  1.218538  1.015754  
1966-02-24  0.626921  0.705770  1.218381  1.022416  
1966-02-25  0.614260  0.710214  1.201080  1.032191  
1966-02-28  0.599709  0.732576  1.186505  1.036161  
1966-03-01  0.580877  0.746644  1.170315  1.036539  
1966-03-02  0.560116  0.756461  1.161949  1.031171  
1966-03-03  0.552459  0.760318  1.156848  1.024573  
1966-03-04  0.544158  0.759441  1.166537  1.017863  
1966-03-07  0.557504  0.752432  1.177762  1.012176  
1966-03-08  0.568026  0.736810  1.173153  1.005154  
1966-03-09  0.586338  0.731729  1.171267  1.000668  
1966-03-10  0.607950  0.718870  1.161842  0.993152  
1966-03-11  0.636476  0.703710  1.163065  0.986049  
1966-03-14  0.664810  0.686844  1.172579  0.982662  
1966-03-15  0.690016  0.675364  1.173974  0.975874  
...              ...       ...       ...       ...  
2018-10-25  0.684383  0.551318  0.837929  0.937048  
2018-10-26  0.689696  0.530347  0.841465  0.925419  
2018-10-29  0.685965  0.497733  0.839106  0.914452  
2018-10-30  0.692150  0.498812  0.830210  0.901410  
2018-10-31  0.691202  0.521109  0.819472  0.889298  
2018-11-01  0.727427  0.546918  0.809021  0.884526  
2018-11-02  0.768947  0.569819  0.799436  0.878878  
2018-11-05  0.807976  0.584304  0.791797  0.875701  
2018-11-06  0.843049  0.592179  0.780234  0.873804  
2018-11-07  0.903160  0.599174  0.771584  0.870681  
2018-11-08  0.963771  0.615978  0.766546  0.865245  
2018-11-09  1.013744  0.630868  0.762523  0.860597  
2018-11-12  1.065811  0.647004  0.753025  0.855187  
2018-11-13  1.126438  0.669352  0.745917  0.852494  
2018-11-14  1.188787  0.677180  0.738134  0.848586  
2018-11-15  1.248528  0.684383  0.730858  0.845526  
2018-11-16  1.306647  0.689696  0.723982  0.844069  
2018-11-19  1.358057  0.685965  0.713589  0.839640  
2018-11-20  1.367888  0.692150  0.710471  0.834450  
2018-11-21  1.421475  0.691202  0.708096  0.829237  
2018-11-22  1.475995  0.727427  0.705418  0.823660  
2018-11-26  1.545355  0.807976  0.700678  0.819322  
2018-11-27  1.577694  0.843049  0.692363  0.819035  
2018-11-28  1.604499  0.903160  0.684060  0.819099  
2018-11-29  1.597555  0.963771  0.681916  0.818280  
2018-11-30  1.594183  1.013744  0.680655  0.815376  
2018-12-03  1.590206  1.065811  0.683998  0.804174  
2018-12-04  1.594134  1.126438  0.685897  0.792599  
2018-12-05  1.581556  1.188787  0.688363  0.779963  
2018-12-06  1.565829  1.248528  0.689503  0.768080  

[12983 rows x 16 columns]"
2,"                  0         1         2         3         4         5   \
1991-12-30  0.372516  0.482899  0.326597  0.439497  0.618747  0.624694   
1991-12-31  0.378690  0.357245  0.326597  0.434071  0.617869  0.608698   
1992-01-02  0.258956  0.438867  0.484754  0.328792  0.566211  0.634632   
1992-01-03  0.378503  0.353727  0.465546  0.325725  0.576156  0.629681   
1992-01-06  0.436661  0.425065  0.438867  0.326597  0.547113  0.627907   
1992-01-07  0.399056  0.258956  0.438867  0.434507  0.516100  0.623820   
1992-01-08  0.390515  0.378503  0.353727  0.419001  0.489360  0.630486   
1992-01-09  0.268837  0.378503  0.372516  0.423237  0.452999  0.618326   
1992-01-10  0.277999  0.427623  0.378690  0.434233  0.463046  0.616897   
1992-01-13  0.279126  0.390515  0.378503  0.438867  0.469045  0.616769   
1992-01-14  0.393731  0.268837  0.378503  0.329210  0.430049  0.616357   
1992-01-15  0.388012  0.277999  0.427623  0.353752  0.397102  0.587000   
1992-01-16  0.323373  0.277999  0.436661  0.378690  0.394363  0.585335   
1992-01-17  0.285702  0.271045  0.399056  0.385555  0.425836  0.618519   
1992-01-20  0.105302  0.388012  0.277999  0.378503  0.390997  0.618747   
1992-01-21  0.078930  0.323373  0.277999  0.397170  0.391727  0.617869   
1992-01-22  0.069986  0.285702  0.271045  0.399056  0.366937  0.599298   
1992-01-23  0.073039  0.285702  0.279126  0.365817  0.369462  0.566211   
1992-01-24  0.084781  0.277487  0.393731  0.362499  0.405277  0.576156   
1992-01-27  0.236707  0.069986  0.285702  0.277999  0.376476  0.547113   
1992-01-28  0.246054  0.073039  0.285702  0.280549  0.379567  0.516100   
1992-01-29  0.245595  0.084781  0.277487  0.361558  0.379523  0.489360   
1992-01-30  0.232048  0.084781  0.105302  0.360496  0.380698  0.452999   
1992-01-31  0.211135  0.105341  0.078930  0.321627  0.389368  0.463046   
1992-02-03  0.146257  0.245595  0.084781  0.285702  0.361127  0.469045   
1992-02-07  0.184472  0.102036  0.246054  0.085435  0.339858  0.425836   
1992-02-10  0.171501  0.181034  0.211135  0.084781  0.289004  0.390997   
1992-02-11  0.186174  0.234586  0.211135  0.213780  0.281732  0.391727   
1992-02-12  0.140248  0.184472  0.102036  0.200906  0.264507  0.366937   
1992-02-13  0.143714  0.184472  0.146257  0.225922  0.257177  0.369462   
...              ...       ...       ...       ...       ...       ...   
2018-10-24  0.925147 -0.327640 -0.776343 -1.387669  0.377092 -0.138006   
2018-10-25  0.425550 -0.327640 -1.099660 -0.878859  0.434548 -0.047609   
2018-10-26  0.310718 -0.118606 -1.300018 -1.679942  0.388326 -0.074609   
2018-10-29 -0.396360  0.925147 -0.327640 -1.202041  0.112217 -0.137619   
2018-10-30 -0.260579  0.425550 -0.327640 -0.853829  0.212182 -0.141020   
2018-10-31 -0.000111  0.310718 -0.118606 -1.012262  0.084087 -0.079974   
2018-11-01  0.063021  0.310718  0.847104 -0.946195 -0.413697 -0.067571   
2018-11-02  0.471775 -0.411645  0.287793 -0.588468 -0.338132  0.110269   
2018-11-05  0.736290 -0.000111  0.310718 -0.327640 -0.649994  0.141396   
2018-11-06  0.427487  0.063021  0.310718  0.545149 -0.651146  0.119581   
2018-11-07  0.269083  0.471775 -0.411645  0.324053 -0.566967  0.110507   
2018-11-08 -0.299862  0.471775 -0.396360  0.281207 -0.841156  0.170191   
2018-11-09 -0.457948  1.016471 -0.260579  0.743181 -0.620012  0.249979   
2018-11-12 -0.209243  0.269083  0.471775  0.310718 -0.404385  0.245617   
2018-11-13  0.104160 -0.299862  0.471775 -0.670718 -0.518032  0.337520   
2018-11-14 -0.020249 -0.457948  1.016471 -0.157490 -0.458578  0.377092   
2018-11-15  0.519085 -0.457948  0.736290  0.002974 -0.424729  0.434548   
2018-11-16  0.479372 -0.491750  0.427487  0.020695 -0.406321  0.388326   
2018-11-19  0.358222 -0.020249 -0.457948  0.471775 -0.487614  0.112217   
2018-11-20  0.108069  0.519085 -0.457948  0.748629 -0.256188  0.212182   
2018-11-21 -0.116959  0.479372 -0.491750  0.553427 -0.198207  0.084087   
2018-11-22 -0.241828  0.479372 -0.209243  0.236050 -0.200384 -0.413697   
2018-11-23 -0.583225  0.361213  0.104160  0.181468  0.186489 -0.338132   
2018-11-26 -0.518014 -0.116959  0.479372 -0.457948  0.121970 -0.649994   
2018-11-27 -0.568320 -0.241828  0.479372 -0.202999  0.183580 -0.651146   
2018-11-28 -0.318183 -0.583225  0.361213 -0.022612  0.191891 -0.566967   
2018-11-29 -0.088626 -0.583225  0.358222 -0.049997  0.152010 -0.841156   
2018-11-30  0.055456 -0.907019  0.108069  0.197210  0.227277 -0.620012   
2018-12-03  0.608660 -0.318183 -0.583225  0.479372  0.160921 -0.404385   
2018-12-04  0.485415 -0.088626 -0.583225  0.431361  0.006155 -0.518032   

                  6         7         8         9         10        11  \
1991-12-30  0.413545  0.334307  0.204317  0.205547  0.200939  0.195967   
1991-12-31  0.410703  0.346153  0.204269  0.206828  0.200939  0.202742   
1992-01-02  0.398719  0.369737  0.204007  0.206538  0.203553  0.206381   
1992-01-03  0.398276  0.381665  0.205548  0.204162  0.205232  0.204605   
1992-01-06  0.396976  0.388872  0.202687  0.205024  0.206538  0.200939   
1992-01-07  0.394147  0.403395  0.193751  0.204007  0.206538  0.202052   
1992-01-08  0.394531  0.417736  0.183632  0.205548  0.204162  0.203878   
1992-01-09  0.393791  0.421657  0.171592  0.205548  0.204317  0.205003   
1992-01-10  0.393960  0.436104  0.169134  0.205465  0.204269  0.204839   
1992-01-13  0.394145  0.450417  0.149828  0.183632  0.205548  0.206538   
1992-01-14  0.393434  0.452400  0.145318  0.171592  0.205548  0.204489   
1992-01-15  0.408532  0.453417  0.141437  0.169134  0.205465  0.204233   
1992-01-16  0.424859  0.454953  0.142608  0.169134  0.202687  0.204269   
1992-01-17  0.440334  0.467972  0.140022  0.162526  0.193751  0.204350   
1992-01-20  0.443029  0.482500  0.146622  0.141437  0.169134  0.205548   
1992-01-21  0.437299  0.483387  0.147318  0.142608  0.169134  0.202989   
1992-01-22  0.463335  0.483920  0.145919  0.140022  0.162526  0.193751   
1992-01-23  0.486093  0.485455  0.153205  0.140022  0.149828  0.187371   
1992-01-24  0.509208  0.487491  0.153877  0.145990  0.145318  0.179308   
1992-01-27  0.534919  0.475281  0.166525  0.145919  0.140022  0.169134   
1992-01-28  0.558725  0.462399  0.163098  0.153205  0.140022  0.153251   
1992-01-29  0.584978  0.450358  0.159218  0.153877  0.145990  0.148625   
1992-01-30  0.606782  0.450746  0.155696  0.153877  0.146622  0.145552   
1992-01-31  0.630656  0.441757  0.153065  0.155762  0.147318  0.145946   
1992-02-03  0.653350  0.429629  0.141573  0.159218  0.153877  0.140022   
1992-02-07  0.664679  0.426095  0.137840  0.143250  0.163098  0.148499   
1992-02-10  0.653627  0.426451  0.134533  0.140256  0.153065  0.153877   
1992-02-11  0.654458  0.424767  0.133319  0.137971  0.153065  0.163075   
1992-02-12  0.645826  0.423693  0.134722  0.137840  0.143250  0.162156   
1992-02-13  0.635398  0.424597  0.114661  0.137840  0.141573  0.159138   
...              ...       ...       ...       ...       ...       ...   
2018-10-24 -0.110448 -0.080965  1.593947  1.318585  1.213246  1.062900   
2018-10-25 -0.108804 -0.098481  1.557679  1.318585  1.272136  1.039457   
2018-10-26 -0.082537 -0.092655  1.504644  1.327836  1.344116  1.128190   
2018-10-29 -0.058734 -0.101454  1.396628  1.593947  1.318585  1.186552   
2018-10-30 -0.042630 -0.105072  1.315835  1.557679  1.318585  1.226913   
2018-10-31 -0.039132 -0.113966  1.328710  1.504644  1.327836  1.273807   
2018-11-01 -0.039775 -0.121132  1.301082  1.504644  1.410670  1.327971   
2018-11-02 -0.031653 -0.121111  1.279035  1.477848  1.508933  1.312876   
2018-11-05 -0.071375 -0.149741  1.160681  1.328710  1.504644  1.318585   
2018-11-06 -0.009843 -0.157237  1.016091  1.301082  1.504644  1.384634   
2018-11-07 -0.045349 -0.156054  0.919720  1.279035  1.477848  1.459825   
2018-11-08 -0.036433 -0.155354  0.821866  1.279035  1.396628  1.538941   
2018-11-09 -0.014119 -0.154915  0.827735  1.265902  1.315835  1.535851   
2018-11-12 -0.043051 -0.127119  0.795353  0.919720  1.279035  1.504644   
2018-11-13 -0.088026 -0.123750  0.778951  0.821866  1.279035  1.448591   
2018-11-14 -0.101120 -0.148904  0.761181  0.827735  1.265902  1.384463   
2018-11-15 -0.051665 -0.124340  0.740109  0.827735  1.160681  1.323661   
2018-11-16 -0.091430 -0.131067  0.705231  0.805940  1.016091  1.299367   
2018-11-19 -0.106465 -0.141756  0.660693  0.761181  0.827735  1.279035   
2018-11-20 -0.065314 -0.152263  0.660891  0.740109  0.827735  1.195705   
2018-11-21 -0.036257 -0.151296  0.648500  0.705231  0.805940  1.083866   
2018-11-22 -0.030657 -0.150918  0.686459  0.705231  0.795353  0.972175   
2018-11-23  0.020814 -0.132244  0.715262  0.697974  0.778951  0.895662   
2018-11-26 -0.014268 -0.116656  0.762303  0.648500  0.705231  0.827735   
2018-11-27 -0.043006 -0.104632  0.769894  0.686459  0.705231  0.791603   
2018-11-28 -0.054929 -0.108387  0.785227  0.715262  0.697974  0.782464   
2018-11-29 -0.063096 -0.112415  0.762634  0.715262  0.660693  0.768830   
2018-11-30 -0.031875 -0.110300  0.762350  0.748633  0.660891  0.762330   
2018-12-03 -0.027274 -0.080897  0.800936  0.785227  0.715262  0.705231   
2018-12-04 -0.025036 -0.073079  0.812678  0.762634  0.715262  0.674736   

                  12        13        14        15  
1991-12-30  0.143226  0.125062  0.215410  0.237843  
1991-12-31  0.143125  0.133911  0.215869  0.237921  
1992-01-02  0.145820  0.145448  0.220579  0.238078  
1992-01-03  0.148182  0.148145  0.222922  0.237995  
1992-01-06  0.150571  0.150626  0.225664  0.236896  
1992-01-07  0.152338  0.152893  0.228342  0.235546  
1992-01-08  0.154611  0.154708  0.231051  0.234047  
1992-01-09  0.157774  0.154367  0.233666  0.231597  
1992-01-10  0.162524  0.150626  0.236351  0.229985  
1992-01-13  0.171855  0.146735  0.239040  0.228296  
1992-01-14  0.180492  0.142259  0.241741  0.229536  
1992-01-15  0.189629  0.141418  0.237974  0.231921  
1992-01-16  0.194960  0.143543  0.232656  0.234911  
1992-01-17  0.198323  0.143442  0.226564  0.237879  
1992-01-20  0.201439  0.143226  0.220671  0.240895  
1992-01-21  0.203144  0.143125  0.214791  0.245910  
1992-01-22  0.204599  0.143862  0.208171  0.250971  
1992-01-23  0.205088  0.145820  0.201228  0.255764  
1992-01-24  0.204986  0.148182  0.194580  0.260143  
1992-01-27  0.203676  0.150571  0.188590  0.260792  
1992-01-28  0.200774  0.152338  0.183888  0.260228  
1992-01-29  0.198494  0.154611  0.178951  0.259021  
1992-01-30  0.196064  0.157774  0.173386  0.257875  
1992-01-31  0.193162  0.162524  0.166639  0.255688  
1992-02-03  0.187780  0.171855  0.161669  0.250810  
1992-02-07  0.171557  0.198323  0.158457  0.245606  
1992-02-10  0.167621  0.201439  0.154524  0.247083  
1992-02-11  0.163852  0.203144  0.149531  0.248742  
1992-02-12  0.160818  0.204599  0.144490  0.250424  
1992-02-13  0.160693  0.205088  0.139718  0.254234  
...              ...       ...       ...       ...  
2018-10-24  0.634079  0.612094  0.817601  0.633589  
2018-10-25  0.647117  0.599812  0.814487  0.629454  
2018-10-26  0.657254  0.594346  0.811524  0.631551  
2018-10-29  0.710964  0.590578  0.810446  0.633501  
2018-10-30  0.758260  0.584451  0.809532  0.635398  
2018-10-31  0.792135  0.575723  0.805677  0.636375  
2018-11-01  0.870406  0.574800  0.804149  0.637328  
2018-11-02  0.952326  0.581434  0.801257  0.633637  
2018-11-05  1.005055  0.581178  0.793195  0.630661  
2018-11-06  1.030095  0.591369  0.783265  0.625034  
2018-11-07  1.080517  0.602349  0.779600  0.621008  
2018-11-08  1.136558  0.608505  0.776075  0.617247  
2018-11-09  1.203332  0.614546  0.773002  0.613862  
2018-11-12  1.285229  0.613720  0.767017  0.617511  
2018-11-13  1.316163  0.623055  0.757197  0.621224  
2018-11-14  1.342533  0.634079  0.747319  0.625368  
2018-11-15  1.339743  0.647117  0.737810  0.630095  
2018-11-16  1.336594  0.657254  0.726683  0.635444  
2018-11-19  1.336279  0.710964  0.718124  0.639164  
2018-11-20  1.352281  0.758260  0.714417  0.643551  
2018-11-21  1.371590  0.792135  0.709609  0.648252  
2018-11-22  1.383429  0.870406  0.705076  0.653207  
2018-11-23  1.370707  0.952326  0.704247  0.659178  
2018-11-26  1.339140  1.005055  0.700504  0.663837  
2018-11-27  1.307579  1.030095  0.699269  0.669032  
2018-11-28  1.277330  1.080517  0.696806  0.673437  
2018-11-29  1.248332  1.136558  0.697236  0.677162  
2018-11-30  1.219101  1.203332  0.699224  0.680931  
2018-12-03  1.174458  1.285229  0.700944  0.680091  
2018-12-04  1.119400  1.316163  0.703133  0.679446  

[6621 rows x 16 columns]"
3,"                  0         1         2         3         4         5   \
1988-01-25 -0.762935  0.711070 -0.220935  1.271952  0.952644 -0.449145   
1988-01-26 -0.543460 -0.144894 -0.220935  0.950310  1.123154 -0.141572   
1988-01-27  0.004646 -0.037518  0.293590  0.317360  1.158473  0.060366   
1988-01-28 -0.092381 -0.037518  0.681768 -0.597830  0.920723 -0.085131   
1988-01-29 -0.097188 -0.840640  1.019734 -0.300423  0.953990  0.032344   
1988-02-01 -0.657630  0.004646 -0.037518 -0.220935  0.671640  0.255598   
1988-02-02 -1.120895 -0.092381 -0.037518  0.869866  0.488186  0.399518   
1988-02-03 -0.551613 -0.097188 -0.840640  0.366531  0.332728  0.607529   
1988-02-04 -1.111010 -0.097188 -0.762935  0.786438  0.265902  0.763786   
1988-02-05 -0.910834  0.024415 -0.543460  0.026179  0.162808  0.943647   
1988-02-08 -0.750220 -0.551613 -0.097188 -0.037518  0.363619  0.893229   
1988-02-09 -1.326787 -1.111010 -0.097188 -0.789231  0.546139  1.243599   
1988-02-10 -0.627734 -0.910834  0.024415 -0.464117  0.496780  0.917976   
1988-02-11 -0.359175 -0.910834 -0.657630 -0.538961  0.341111  0.950843   
1988-02-12 -0.032589 -0.639286 -1.120895  0.004493  0.337833  0.874906   
1988-02-15  0.819426 -0.627734 -0.910834 -0.097188  0.280244  0.952644   
1988-02-16  0.975287 -0.359175 -0.910834 -0.379873  0.367868  1.123154   
1988-02-22  0.772149  0.979013 -0.032589 -0.910834 -0.235951  0.671640   
1988-02-23  0.031079  0.831642 -0.032589 -1.074981 -0.241888  0.488186   
1988-02-24  0.109142  0.831642  0.663703 -0.605229 -0.200717  0.332728   
1988-02-25  0.281246  0.831642  0.819426 -0.972987 -0.207449  0.265902   
1988-02-26  0.447540  1.065655  0.975287 -0.309366 -0.282326  0.162808   
1988-02-29  0.879670  0.109142  0.831642 -0.032589 -0.502841  0.363619   
1988-03-01  1.167620  0.281246  0.831642  0.650489 -0.702855  0.546139   
1988-03-02  1.038790  0.447540  1.065655  0.868672 -0.619316  0.496780   
1988-03-03  0.821452  0.447540  0.772149  0.975287 -0.549888  0.341111   
1988-03-04  0.686745  0.366388  0.031079  0.979013 -0.300692  0.337833   
1988-03-07  0.149446  1.038790  0.447540  0.831642 -0.287839  0.280244   
1988-03-08  0.295852  0.821452  0.447540  0.918902 -0.184761  0.367868   
1988-03-09  0.784178  0.686745  0.366388  0.031079 -0.245822  0.036119   
...              ...       ...       ...       ...       ...       ...   
2018-10-26 -0.612231  0.142645 -0.639886 -0.966045 -0.103452 -0.099604   
2018-10-29 -0.495869 -0.171131 -0.216351 -0.533395 -0.263880 -0.150454   
2018-10-30 -0.620181 -0.506054 -0.216351 -0.531338 -0.184799 -0.244219   
2018-10-31 -0.008261 -0.612231  0.142645 -0.497486 -0.217343 -0.191131   
2018-11-01  0.659792 -0.612231  0.844013 -0.639886 -0.533618 -0.189500   
2018-11-02  1.316388 -1.307136 -0.088857  0.181114 -0.409138 -0.036182   
2018-11-05  1.281995 -0.008261 -0.612231 -0.216351 -0.617344 -0.074018   
2018-11-06  1.075129  0.659792 -0.612231  0.648831 -0.504167 -0.039560   
2018-11-07  0.690261  1.316388 -1.307136 -0.088857 -0.504167 -0.026241   
2018-11-08 -0.223794  1.316388 -0.495869 -0.142574 -0.583398  0.113819   
2018-11-09 -0.625809  1.556086 -0.620181 -0.326244 -0.530997  0.191860   
2018-11-12 -0.434300  0.690261  1.316388 -0.612231 -0.393761  0.205899   
2018-11-13 -0.312438 -0.223794  1.316388 -0.974189 -0.560008  0.135818   
2018-11-14 -0.509703 -0.625809  1.556086 -0.567633 -0.435115  0.175122   
2018-11-15  0.458327 -0.625809  1.281995 -0.195948 -0.490148  0.079366   
2018-11-16  0.424184 -0.294499  1.075129  0.320446 -0.451595 -0.103452   
2018-11-19  0.524313 -0.509703 -0.625809  1.316388 -0.415729 -0.263880   
2018-11-20  0.178080  0.458327 -0.625809  0.854659 -0.385800 -0.184799   
2018-11-21 -0.112707  0.424184 -0.294499  1.160300 -0.278669 -0.217343   
2018-11-22 -0.141406  0.424184 -0.434300  0.879264 -0.174459 -0.533618   
2018-11-23 -0.179137  0.501651 -0.312438  0.609519  0.309216 -0.409138   
2018-11-26  0.484340 -0.112707  0.424184 -0.625809  0.046956 -0.617344   
2018-11-27  0.326324 -0.141406  0.424184 -0.212736  0.178079 -0.504167   
2018-11-28  0.594759 -0.179137  0.501651 -0.230789  0.180247 -0.504167   
2018-11-29  0.474178 -0.179137  0.524313 -0.350452  0.186891 -0.583398   
2018-11-30  0.418786 -0.392397  0.178080 -0.080113  0.049046 -0.530997   
2018-12-03  0.754136  0.594759 -0.179137  0.424184  0.031628 -0.393761   
2018-12-04  0.510006  0.474178 -0.179137  0.536102 -0.067380 -0.560008   
2018-12-05  0.334667  0.418786 -0.392397  0.041962  0.081680 -0.435115   
2018-12-06 -0.293506  0.418786  0.484340  0.237484  0.206411 -0.490148   

                  6         7         8         9         10        11  \
1988-01-25 -1.001345  0.264866  1.450129  1.571007  1.696667  1.803210   
1988-01-26 -1.019963  0.271657  1.452572  1.526474  1.696667  1.837723   
1988-01-27 -0.984028  0.288862  1.377590  1.525810  1.660238  1.752523   
1988-01-28 -1.030817  0.288219  1.294596  1.525810  1.721082  1.733728   
1988-01-29 -1.018946  0.314467  1.270720  1.461527  1.659153  1.711556   
1988-02-01 -1.120261  0.316967  1.107905  1.377590  1.525810  1.696667   
1988-02-02 -1.178604  0.310065  1.041826  1.294596  1.525810  1.684779   
1988-02-03 -1.172238  0.319185  1.049430  1.270720  1.461527  1.667940   
1988-02-04 -1.269171  0.318765  1.050106  1.270720  1.450129  1.596563   
1988-02-05 -1.342848  0.302778  1.071903  1.235955  1.452572  1.561080   
1988-02-08 -1.429380  0.314854  1.214293  1.049430  1.270720  1.525810   
1988-02-09 -1.345398  0.305533  1.221810  1.050106  1.270720  1.451178   
1988-02-10 -1.334108  0.314381  1.249833  1.071903  1.235955  1.431298   
1988-02-11 -1.291270  0.307475  1.297264  1.071903  1.107905  1.406347   
1988-02-12 -1.302410  0.271201  1.323431  1.128935  1.041826  1.340308   
1988-02-15 -1.214859  0.261758  1.362075  1.249833  1.071903  1.270720   
1988-02-16 -1.181383  0.244406  1.356745  1.297264  1.071903  1.157519   
1988-02-22 -0.908183  0.088485  1.138353  1.359389  1.323431  1.071903   
1988-02-23 -0.661904  0.088485  1.050066  1.325035  1.323431  1.162861   
1988-02-24 -0.599454  0.075405  1.019841  1.325035  1.329647  1.221767   
1988-02-25 -0.536880  0.073639  0.881643  1.325035  1.362075  1.235450   
1988-02-26 -0.536880  0.090064  0.796722  1.268691  1.356745  1.269629   
1988-02-29 -0.605665 -0.288265  0.591552  1.019841  1.325035  1.323431   
1988-03-01  0.100969 -0.200629  0.479160  0.881643  1.325035  1.339993   
1988-03-02 -0.050365 -0.205036  0.488676  0.796722  1.268691  1.343398   
1988-03-03 -0.018417 -0.306331  0.503831  0.796722  1.138353  1.356745   
1988-03-04  0.129918 -0.291536  0.506753  0.711314  1.050066  1.359389   
1988-03-07  0.114672 -0.293028  0.519920  0.488676  0.796722  1.325035   
1988-03-08  0.224723 -0.309044  0.500392  0.503831  0.796722  1.203522   
1988-03-09  0.299593 -0.370431  0.511807  0.506753  0.711314  1.050066   
...              ...       ...       ...       ...       ...       ...   
2018-10-26 -0.114502 -0.060017  1.354002  1.110687  1.104261  0.897452   
2018-10-29 -0.072465 -0.073636  1.280879  1.308225  1.125447  0.942182   
2018-10-30 -0.039796 -0.075812  1.182572  1.391364  1.125447  0.979170   
2018-10-31 -0.029293 -0.087280  1.107426  1.354002  1.110687  1.039999   
2018-11-01 -0.009942 -0.101717  1.111463  1.354002  1.163870  1.104261   
2018-11-02 -0.040644 -0.067686  1.204812  1.373947  1.230384  1.147787   
2018-11-05 -0.087196 -0.079343  1.378963  1.107426  1.354002  1.125447   
2018-11-06 -0.066147 -0.103357  1.440253  1.111463  1.354002  1.151570   
2018-11-07 -0.090436 -0.107087  1.476674  1.204812  1.373947  1.230384   
2018-11-08 -0.088866 -0.094327  1.411810  1.204812  1.280879  1.270104   
2018-11-09 -0.084674 -0.096256  1.418205  1.241602  1.182572  1.333044   
2018-11-12 -0.121485 -0.065035  1.393466  1.476674  1.204812  1.354002   
2018-11-13 -0.162884 -0.039874  1.403682  1.411810  1.204812  1.310689   
2018-11-14 -0.168412 -0.077558  1.422402  1.418205  1.241602  1.231854   
2018-11-15 -0.090398 -0.059435  1.409916  1.418205  1.378963  1.172405   
2018-11-16 -0.082071 -0.074580  1.316804  1.376455  1.440253  1.130081   
2018-11-19 -0.111631 -0.086447  1.133496  1.422402  1.418205  1.204812   
2018-11-20 -0.101173 -0.121935  1.019003  1.409916  1.418205  1.310322   
2018-11-21 -0.051394 -0.124727  0.907030  1.316804  1.376455  1.378550   
2018-11-22 -0.041533 -0.123081  0.906807  1.316804  1.393466  1.425480   
2018-11-23  0.001432 -0.118343  0.872091  1.284770  1.403682  1.445090   
2018-11-26 -0.047160 -0.115711  0.861822  0.907030  1.316804  1.418205   
2018-11-27 -0.050540 -0.100095  0.831861  0.906807  1.316804  1.390152   
2018-11-28 -0.056447 -0.091329  0.805698  0.872091  1.284770  1.396223   
2018-11-29 -0.082768 -0.091932  0.823579  0.872091  1.133496  1.401672   
2018-11-30 -0.067245 -0.078850  0.819626  0.889574  1.019003  1.416689   
2018-12-03 -0.070484 -0.054277  0.857628  0.805698  0.872091  1.316804   
2018-12-04 -0.115929 -0.068907  0.841273  0.823579  0.872091  1.188248   
2018-12-05 -0.107567 -0.087185  0.871756  0.819626  0.889574  1.093929   
2018-12-06 -0.126241 -0.084000  0.955875  0.819626  0.861822  1.004392   

                  12        13        14        15  
1988-01-25  1.810984  1.714121  3.278995  0.687817  
1988-01-26  1.795712  1.714908  3.301752  0.689522  
1988-01-27  1.764738  1.744381  3.326686  0.691518  
1988-01-28  1.725892  1.766976  3.346470  0.697017  
1988-01-29  1.689829  1.789252  3.360643  0.702421  
1988-02-01  1.671753  1.792545  3.366779  0.707525  
1988-02-02  1.669952  1.805751  3.373431  0.714211  
1988-02-03  1.690508  1.815624  3.379120  0.720545  
1988-02-04  1.713908  1.825991  3.384293  0.724422  
1988-02-05  1.737067  1.864876  3.398630  0.729454  
1988-02-08  1.740125  1.891480  3.416093  0.734561  
1988-02-09  1.721990  1.902207  3.446981  0.736314  
1988-02-10  1.697826  1.877815  3.473132  0.740784  
1988-02-11  1.683429  1.856709  3.503825  0.743833  
1988-02-12  1.675229  1.839975  3.469822  0.747345  
1988-02-15  1.658638  1.810984  3.499397  0.750149  
1988-02-16  1.639024  1.795712  3.532464  0.753306  
1988-02-22  1.456860  1.671753  3.656884  0.778640  
1988-02-23  1.401532  1.669952  3.628084  0.778640  
1988-02-24  1.381659  1.690508  3.575598  0.779692  
1988-02-25  1.348836  1.713908  3.525591  0.781599  
1988-02-26  1.315104  1.737067  3.525591  0.781333  
1988-02-29  1.290046  1.740125  3.485631  0.865682  
1988-03-01  1.256841  1.721990  3.348291  0.954631  
1988-03-02  1.246506  1.697826  3.201937  1.042799  
1988-03-03  1.246669  1.683429  3.054401  1.129582  
1988-03-04  1.240839  1.675229  2.935863  1.215363  
1988-03-07  1.231978  1.658638  2.786254  1.301739  
1988-03-08  1.223160  1.639024  2.642377  1.388268  
1988-03-09  1.214305  1.592516  2.495485  1.474249  
...              ...       ...       ...       ...  
2018-10-26  0.982857  0.815284  0.744631  0.906549  
2018-10-29  0.976763  0.838496  0.744999  0.905175  
2018-10-30  0.956263  0.853291  0.745483  0.903413  
2018-10-31  0.935404  0.861115  0.743570  0.892371  
2018-11-01  0.935791  0.875314  0.741739  0.881180  
2018-11-02  0.956691  0.893244  0.740119  0.877551  
2018-11-05  0.971367  0.908725  0.733872  0.872750  
2018-11-06  0.979716  0.922121  0.733794  0.869508  
2018-11-07  0.979716  0.938299  0.732399  0.868039  
2018-11-08  0.990050  0.940214  0.734841  0.864797  
2018-11-09  0.998836  0.930634  0.738522  0.861774  
2018-11-12  1.031310  0.928199  0.737631  0.860256  
2018-11-13  1.057885  0.946232  0.734050  0.858273  
2018-11-14  1.086126  0.963070  0.730766  0.855070  
2018-11-15  1.118137  0.987637  0.734022  0.851931  
2018-11-16  1.129879  0.982857  0.740198  0.848167  
2018-11-19  1.136024  0.976763  0.747144  0.842871  
2018-11-20  1.139422  0.956263  0.756202  0.836320  
2018-11-21  1.160836  0.935404  0.762684  0.829409  
2018-11-22  1.190020  0.935791  0.769293  0.823135  
2018-11-23  1.232332  0.956691  0.777280  0.817157  
2018-11-26  1.258737  0.971367  0.785572  0.810878  
2018-11-27  1.272549  0.979716  0.791701  0.808954  
2018-11-28  1.289330  0.979716  0.799233  0.807523  
2018-11-29  1.291169  0.990050  0.808368  0.806979  
2018-11-30  1.311554  0.998836  0.813738  0.806258  
2018-12-03  1.333127  1.031310  0.819100  0.803350  
2018-12-04  1.341442  1.057885  0.828684  0.801281  
2018-12-05  1.339173  1.086126  0.838953  0.799209  
2018-12-06  1.336977  1.118137  0.849872  0.797694  

[7629 rows x 16 columns]"
4,"                  0         1         2         3         4         5   \
1998-07-29 -0.032145 -1.707472  1.066939  1.045230  0.202836 -0.738206   
1998-07-30  0.326841 -1.707472  0.117418  0.712948 -0.092720 -0.778218   
1998-07-31  0.256760 -1.540488 -0.064080  0.905219  0.223904 -0.962036   
1998-08-03 -0.396242 -0.032145 -1.707472  0.405327  0.355259 -1.027912   
1998-08-04 -0.747088  0.326841 -1.707472  0.378470  0.567233 -1.036991   
1998-08-05 -0.582266  0.256760 -1.540488 -0.084115  0.637049 -0.713216   
1998-08-06 -0.859902  0.256760 -1.968466 -0.102523  0.646403 -0.631101   
1998-08-07 -0.898833  0.971490 -1.270318 -1.472386  0.491933 -0.619070   
1998-08-10 -0.765516 -0.582266  0.256760 -1.707472  0.417601 -0.174220   
1998-08-11 -1.269123 -0.859902  0.256760 -1.752822  0.133795 -0.242945   
1998-08-12 -1.145569 -0.898833  0.971490 -1.067513  0.188534 -0.369933   
1998-08-13 -0.561942 -0.898833 -0.396242 -0.695011  0.016388 -0.191872   
1998-08-14 -0.587140 -0.389884 -0.747088 -0.072313  0.004518 -0.408563   
1998-08-17 -0.428940 -1.145569 -0.898833  0.256760  0.014541 -0.256384   
1998-08-18 -0.671975 -0.561942 -0.898833  0.190266 -0.000033  0.124686   
1998-08-19 -0.853323 -0.587140 -0.389884 -0.276427  0.067139  0.202836   
1998-08-20  0.190634 -0.587140 -0.765516 -0.512410 -0.040995 -0.092720   
1998-08-21 -0.276875 -0.409001 -1.269123 -0.692635 -0.201310  0.223904   
1998-08-24  0.701972 -0.853323 -0.587140 -0.898833 -0.510097  0.355259   
1998-08-25  0.911774  0.190634 -0.587140 -0.571847 -0.357350  0.567233   
1998-08-27  0.571001 -0.276875 -0.428940 -1.143277 -0.480239  0.646403   
1998-08-28 -0.109048  0.070877 -0.671975 -0.660465 -0.765077  0.491933   
1998-08-31 -0.631311  0.053067 -0.276875 -0.587140 -0.815464  0.417601   
1998-09-01 -1.055598  0.571001 -0.276875 -0.660777 -0.766259  0.133795   
1998-09-02 -0.703485 -0.109048  0.070877 -0.665559 -0.750612  0.188534   
1998-09-03  0.099153 -0.109048  0.701972 -0.426668 -0.654596  0.016388   
1998-09-04  0.448337 -0.449512  0.911774  0.014920 -0.488437  0.004518   
1998-09-07  1.549009 -0.703485 -0.109048 -0.276875 -0.488372  0.014541   
1998-09-08  1.691838  0.099153 -0.109048  0.239171 -0.426489 -0.000033   
1998-09-09  1.434390  0.448337 -0.449512  0.840331 -0.550348  0.067139   
...              ...       ...       ...       ...       ...       ...   
2018-10-29  0.163606 -0.515395 -0.285355  0.208815 -0.675812 -0.109022   
2018-10-30 -0.092473 -0.437884 -0.285355  0.227087 -0.619778 -0.232987   
2018-10-31  0.538907 -0.544136 -0.501404  0.487753 -0.474027 -0.295442   
2018-11-01  0.774183 -0.544136 -0.942497  0.021303 -0.592506 -0.285984   
2018-11-02  0.941953 -0.553655 -0.863385  0.550145 -0.415412 -0.331732   
2018-11-05  0.744068  0.538907 -0.544136 -0.285355 -0.343112 -0.423442   
2018-11-06  0.382792  0.774183 -0.544136 -0.502568 -0.195601 -0.299132   
2018-11-07  0.558038  0.941953 -0.553655 -0.908372 -0.326214 -0.292016   
2018-11-09  0.100991  0.661680 -0.092473 -0.605926 -0.379461 -0.366516   
2018-11-12 -0.161302  0.558038  0.941953 -0.544136 -0.397328 -0.336339   
2018-11-13 -0.081501  0.206373  0.941953 -0.030314 -0.511383 -0.272432   
2018-11-14 -0.062830  0.100991  0.661680  0.031737 -0.442052 -0.284581   
2018-11-15  0.071763  0.100991  0.744068  0.237515 -0.410320 -0.509846   
2018-11-16  0.164263  0.190051  0.382792  0.425517 -0.331742 -0.627579   
2018-11-19  0.427299 -0.062830  0.100991  0.941953 -0.050332 -0.675812   
2018-11-20  0.227893  0.071763  0.100991  0.496106 -0.101477 -0.619778   
2018-11-21 -0.038399  0.164263  0.190051  0.617727  0.034762 -0.474027   
2018-11-22 -0.320841  0.164263 -0.161302  0.440822 -0.053035 -0.592506   
2018-11-26 -0.105220 -0.038399  0.164263  0.100991  0.045432 -0.343112   
2018-11-27  0.285784 -0.320841  0.164263 -0.092885  0.028737 -0.195601   
2018-11-28  0.667572 -0.320841  0.440752  0.107110  0.019118 -0.326214   
2018-11-29  0.804782 -0.320841  0.427299 -0.062830  0.095008 -0.329015   
2018-11-30  0.656482 -0.713966  0.227893  0.014379  0.074330 -0.379461   
2018-12-03  0.488295  0.667572 -0.320841  0.164263  0.096757 -0.397328   
2018-12-04  0.280315  0.804782 -0.320841  0.524309  0.191317 -0.511383   
2018-12-05 -0.189444  0.656482 -0.713966  0.180951  0.244596 -0.442052   
2018-12-06 -0.587261  0.656482 -0.105220  0.033924  0.230906 -0.410320   
2018-12-07 -0.273845  0.565155  0.285784 -0.149820  0.331060 -0.331742   
2018-12-10 -0.781798 -0.189444  0.656482 -0.320841  0.452905 -0.050332   
2018-12-11 -0.485765 -0.587261  0.656482 -0.280026  0.261739 -0.101477   

                  6         7         8         9         10        11  \
1998-07-29 -0.080001  0.142104  1.737736  1.647584  1.604008  1.700427   
1998-07-30 -0.128399  0.146184  1.706780  1.647584  1.591583  1.685527   
1998-07-31 -0.116205  0.147080  1.669299  1.659991  1.594791  1.676944   
1998-08-03 -0.154977  0.125621  1.617681  1.737736  1.647584  1.614950   
1998-08-04 -0.194150  0.162617  1.547044  1.706780  1.647584  1.602797   
1998-08-05 -0.174332  0.159416  1.573306  1.669299  1.659991  1.602383   
1998-08-06 -0.256065  0.147970  1.549444  1.669299  1.663708  1.601326   
1998-08-07 -0.356708  0.141988  1.517788  1.671511  1.703305  1.606248   
1998-08-10 -0.407511  0.189089  1.423988  1.573306  1.669299  1.647584   
1998-08-11 -0.426859  0.192626  1.279698  1.549444  1.669299  1.660083   
1998-08-12 -0.548872  0.200086  1.128807  1.517788  1.671511  1.688137   
1998-08-13 -0.518301  0.199608  1.025947  1.517788  1.617681  1.737196   
1998-08-14 -0.497994  0.190126  1.013102  1.504603  1.547044  1.691801   
1998-08-17 -0.589185  0.200044  0.887237  1.128807  1.517788  1.669299   
1998-08-18 -0.565385  0.202784  0.878825  1.025947  1.517788  1.651315   
1998-08-19 -0.383157  0.259066  0.834418  1.013102  1.504603  1.612187   
1998-08-20 -0.512437  0.258099  0.932402  1.013102  1.423988  1.560256   
1998-08-21 -0.582511  0.279269  1.030949  0.949439  1.279698  1.543430   
1998-08-24 -0.656562  0.285913  1.255171  0.834418  1.013102  1.517788   
1998-08-25 -0.699117  0.291963  1.413228  0.932402  1.013102  1.457233   
1998-08-27 -0.559459  0.198785  1.435577  1.030949  0.887237  1.187831   
1998-08-28 -0.540549  0.191923  1.450299  1.091902  0.878825  1.098991   
1998-08-31 -0.433190  0.178282  1.480282  1.433085  1.030949  1.013102   
1998-09-01 -0.477037  0.153149  1.503506  1.435577  1.030949  0.916979   
1998-09-02 -0.490807  0.112936  1.528294  1.450299  1.091902  0.867133   
1998-09-03 -0.463780  0.134411  1.541916  1.450299  1.255171  0.863480   
1998-09-04 -0.548526  0.134411  1.498853  1.453801  1.413228  0.938266   
1998-09-07 -0.473117  0.163708  1.431322  1.528294  1.450299  1.030949   
1998-09-08 -0.531144  0.143344  1.382507  1.541916  1.450299  1.161480   
1998-09-09 -0.503162  0.143285  1.323560  1.498853  1.453801  1.291002   
...              ...       ...       ...       ...       ...       ...   
2018-10-29  0.177585  0.048372  0.955529  1.074549  1.234244  1.004745   
2018-10-30  0.202359  0.056628  0.910016  1.032908  1.234244  1.073521   
2018-10-31  0.191426  0.050476  0.899662  1.003163  1.224631  1.147998   
2018-11-01  0.206326  0.040248  0.910158  1.003163  1.147324  1.208347   
2018-11-02  0.214888  0.053200  0.918535  0.995713  1.081161  1.254547   
2018-11-05  0.172171  0.037749  0.943320  0.899662  1.003163  1.234244   
2018-11-06  0.173162  0.031522  0.926515  0.910158  1.003163  1.176714   
2018-11-07  0.158144  0.043004  0.918423  0.918535  0.995713  1.121682   
2018-11-09  0.167280  0.053016  0.888152  0.927164  0.910016  1.059479   
2018-11-12  0.135655  0.060867  0.850783  0.918423  0.918535  1.003163   
2018-11-13  0.089518  0.079704  0.786653  0.907216  0.918535  0.973375   
2018-11-14  0.088784  0.094354  0.757691  0.888152  0.927164  0.938955   
2018-11-15  0.089231  0.112119  0.693683  0.888152  0.943320  0.919569   
2018-11-16  0.093891  0.101420  0.669894  0.871775  0.926515  0.904962   
2018-11-19  0.064756  0.096379  0.572202  0.757691  0.888152  0.918535   
2018-11-20  0.060562  0.082293  0.537289  0.693683  0.888152  0.929188   
2018-11-21  0.038402  0.079888  0.538260  0.669894  0.871775  0.932769   
2018-11-22  0.048469  0.079900  0.537516  0.669894  0.850783  0.919972   
2018-11-26 -0.009655  0.112179  0.594909  0.538260  0.669894  0.888152   
2018-11-27 -0.001739  0.123636  0.591891  0.537516  0.669894  0.860728   
2018-11-28 -0.015189  0.122180  0.582248  0.537516  0.630470  0.813439   
2018-11-29 -0.030857  0.121314  0.587718  0.537516  0.572202  0.757691   
2018-11-30 -0.044774  0.135951  0.591466  0.560576  0.537289  0.721139   
2018-12-03 -0.047670  0.154061  0.588755  0.582248  0.537516  0.669894   
2018-12-04 -0.058694  0.141624  0.598685  0.587718  0.537516  0.598043   
2018-12-05 -0.100906  0.135609  0.589449  0.591466  0.560576  0.563992   
2018-12-06 -0.148012  0.132017  0.607914  0.591466  0.594909  0.545594   
2018-12-07 -0.178449  0.141859  0.625108  0.580794  0.591891  0.544961   
2018-12-10 -0.196414  0.144130  0.693943  0.589449  0.591466  0.537516   
2018-12-11 -0.216716  0.134136  0.761900  0.607914  0.591466  0.578969   

                  12        13        14        15  
1998-07-29  2.621816  1.297061  1.332763  1.192641  
1998-07-30  2.547142  1.407854  1.330041  1.195868  
1998-07-31  2.466993  1.540709  1.326314  1.197785  
1998-08-03  2.377779  1.674880  1.320254  1.196810  
1998-08-04  2.287377  1.814040  1.315248  1.193441  
1998-08-05  2.200767  1.957828  1.309594  1.188542  
1998-08-06  2.115178  2.106141  1.302135  1.183453  
1998-08-07  2.008510  2.254093  1.300242  1.178654  
1998-08-10  1.912534  2.374999  1.295651  1.171400  
1998-08-11  1.833160  2.499750  1.300019  1.163205  
1998-08-12  1.750819  2.561384  1.312456  1.158415  
1998-08-13  1.723843  2.601264  1.317208  1.154641  
1998-08-14  1.696987  2.623442  1.322711  1.149885  
1998-08-17  1.684382  2.646612  1.343029  1.144251  
1998-08-18  1.676058  2.640153  1.365805  1.143396  
1998-08-19  1.676718  2.621816  1.402603  1.142963  
1998-08-20  1.664269  2.547142  1.445639  1.144793  
1998-08-21  1.649646  2.466993  1.488100  1.151565  
1998-08-24  1.639356  2.377779  1.530932  1.158163  
1998-08-25  1.635074  2.287377  1.573093  1.163748  
1998-08-27  1.619864  2.115178  1.656747  1.172137  
1998-08-28  1.599910  2.008510  1.697853  1.175605  
1998-08-31  1.590069  1.912534  1.733961  1.178239  
1998-09-01  1.554944  1.833160  1.771701  1.179531  
1998-09-02  1.503368  1.750819  1.791681  1.183144  
1998-09-03  1.462884  1.723843  1.810474  1.187675  
1998-09-04  1.414552  1.696987  1.824101  1.187675  
1998-09-07  1.361755  1.684382  1.826259  1.195942  
1998-09-08  1.307147  1.676058  1.834264  1.204064  
1998-09-09  1.245662  1.676718  1.838912  1.208441  
...              ...       ...       ...       ...  
2018-10-29  0.737057  0.497913  0.426414  0.509406  
2018-10-30  0.749822  0.512697  0.427326  0.506149  
2018-10-31  0.766375  0.529001  0.428552  0.503430  
2018-11-01  0.788733  0.534741  0.429080  0.501795  
2018-11-02  0.819282  0.554021  0.428734  0.501359  
2018-11-05  0.855456  0.575925  0.427393  0.501037  
2018-11-06  0.891486  0.598026  0.424999  0.500949  
2018-11-07  0.922089  0.620846  0.423334  0.501263  
2018-11-09  0.966401  0.652280  0.421458  0.501395  
2018-11-12  0.994177  0.662489  0.420964  0.501223  
2018-11-13  1.024443  0.678002  0.421094  0.501464  
2018-11-14  1.026461  0.689427  0.422398  0.500142  
2018-11-15  1.050377  0.705378  0.421881  0.497970  
2018-11-16  1.057241  0.718001  0.427806  0.494810  
2018-11-19  1.057369  0.737057  0.435967  0.491905  
2018-11-20  1.054266  0.749822  0.443519  0.487602  
2018-11-21  1.058619  0.766375  0.450978  0.484012  
2018-11-22  1.057596  0.788733  0.452035  0.480336  
2018-11-26  1.032183  0.855456  0.467394  0.472048  
2018-11-27  1.007349  0.891486  0.476836  0.467016  
2018-11-28  0.982610  0.922089  0.486541  0.462522  
2018-11-29  0.963993  0.933955  0.495196  0.457848  
2018-11-30  0.955124  0.966401  0.503148  0.454315  
2018-12-03  0.932579  0.994177  0.509162  0.449293  
2018-12-04  0.910476  1.024443  0.514406  0.445010  
2018-12-05  0.885545  1.026461  0.523010  0.440247  
2018-12-06  0.853560  1.050377  0.535702  0.437019  
2018-12-07  0.825263  1.057241  0.547406  0.437179  
2018-12-10  0.797539  1.057369  0.558819  0.437248  
2018-12-11  0.774015  1.054266  0.569773  0.434067  

[5025 rows x 16 columns]"
5,"                  0         1         2         3         4         5   \
1991-11-05 -0.168234 -0.086360 -0.404061  0.611029 -0.036816 -0.240901   
1991-11-06  0.084898 -0.139324 -0.453755  0.433415  0.060666 -0.268221   
1991-11-07  0.275158 -0.139324 -0.111343  0.278711  0.111552 -0.294755   
1991-11-08  0.621228 -0.366021 -0.205351  0.198672  0.248470 -0.269538   
1991-11-11  0.633066  0.084898 -0.139324 -0.404061  0.206323 -0.256618   
1991-11-12  0.836476  0.275158 -0.139324 -0.209511  0.190357 -0.198774   
1991-11-13  0.663248  0.621228 -0.366021 -0.072781  0.183049 -0.095644   
1991-11-14  0.269164  0.621228 -0.485667 -0.267897  0.103741 -0.119627   
1991-11-15  0.193583  0.875815 -0.168234 -0.381098  0.010431 -0.122854   
1991-11-18 -0.621893  0.663248  0.621228 -0.139324  0.059330 -0.193861   
1991-11-19 -0.934298  0.269164  0.621228 -0.372241  0.114776 -0.111743   
1991-11-20 -1.099681  0.193583  0.875815 -0.238203  0.074888 -0.131433   
1991-11-21 -1.173872  0.193583  0.633066 -0.067340  0.052310 -0.092337   
1991-11-22 -1.208803  0.296813  0.836476  0.149890  0.068899 -0.073317   
1991-11-25 -0.824055 -1.099681  0.193583  0.621228  0.014325 -0.083988   
1991-11-26 -0.383119 -1.173872  0.193583  0.656784  0.056128 -0.036816   
1991-11-27 -0.526934 -1.208803  0.296813  0.736428  0.059275  0.060666   
1991-11-28 -0.253020 -1.208803 -0.621893  0.612570  0.007952  0.111552   
1991-11-29 -0.449648 -0.879765 -0.934298  0.616432  0.115177  0.248470   
1991-12-02 -1.131164 -0.526934 -1.208803  0.193583  0.010617  0.206323   
1991-12-03 -0.564742 -0.253020 -1.208803 -0.267540  0.095315  0.190357   
1991-12-04 -0.255723 -0.449648 -0.879765 -0.804049  0.115260  0.183049   
1991-12-05 -0.227358 -0.449648 -0.824055 -0.793911  0.113490  0.103741   
1991-12-06 -0.242823 -0.234603 -0.383119 -0.960846  0.113586  0.010431   
1991-12-09 -0.030772 -0.255723 -0.449648 -1.208803  0.053280  0.059330   
1991-12-10 -0.424992 -0.227358 -0.449648 -0.965778 -0.090478  0.114776   
1991-12-11 -0.371925 -0.242823 -0.234603 -0.352967 -0.110092  0.074888   
1991-12-12 -0.024982 -0.242823 -1.131164 -0.502649 -0.103057  0.052310   
1991-12-13  0.233974  0.210186 -0.564742 -0.472120 -0.145071  0.068899   
1991-12-16  0.381953 -0.371925 -0.242823 -0.449648 -0.204987  0.014325   
...              ...       ...       ...       ...       ...       ...   
2018-09-24  0.108211 -0.070663  0.360100 -0.366354 -0.022968  0.014964   
2018-09-25  0.288681  0.109000  0.360100 -0.202291 -0.045397  0.048905   
2018-09-26  0.278265  0.072019  0.140204 -0.101243 -0.122561 -0.072125   
2018-09-27  0.408371  0.072019  0.077357  0.259712 -0.093742 -0.017874   
2018-09-28  0.259784  0.206761 -0.155439  0.401836 -0.134973 -0.123711   
2018-10-01  0.366753  0.278265  0.072019  0.360100 -0.062903 -0.102852   
2018-10-02  0.025759  0.408371  0.072019  0.018773 -0.124952 -0.072272   
2018-10-03  0.218852  0.259784  0.206761  0.003205 -0.105342 -0.114304   
2018-10-04  0.036152  0.259784  0.108211 -0.056671 -0.075378 -0.105839   
2018-10-05 -0.124427  0.496632  0.288681  0.115060 -0.067992 -0.086996   
2018-10-08 -0.424935  0.218852  0.259784  0.072019 -0.099940 -0.049299   
2018-10-09 -0.729263  0.036152  0.259784  0.027887 -0.158062 -0.054360   
2018-10-10 -0.712867 -0.124427  0.496632  0.298625 -0.124431 -0.099297   
2018-10-11 -1.418505 -0.124427  0.366753  0.394202 -0.070446 -0.114039   
2018-10-12 -1.073083 -0.290726  0.025759  0.311516 -0.039022 -0.147500   
2018-10-15 -1.096340 -0.712867 -0.124427  0.259784 -0.022424 -0.022968   
2018-10-16 -0.330905 -1.418505 -0.124427  0.505459  0.017633 -0.045397   
2018-10-17  0.406837 -1.073083 -0.290726  0.183864  0.113702 -0.122561   
2018-10-18  0.433320 -1.073083 -0.424935  0.263985  0.214421 -0.093742   
2018-10-19  0.612966 -1.070222 -0.729263 -0.037991  0.237968 -0.134973   
2018-10-22  0.253789  0.406837 -1.073083 -0.124427  0.250018 -0.062903   
2018-10-23  0.064213  0.433320 -1.073083 -0.449486  0.138307 -0.124952   
2018-10-24 -0.192047  0.612966 -1.070222 -0.340032  0.227835 -0.105342   
2018-10-25 -0.590587  0.612966 -1.096340 -0.783366  0.121389 -0.075378   
2018-10-26 -0.589815  0.792430 -0.330905 -1.288152  0.073511 -0.067992   
2018-10-29 -0.024414 -0.192047  0.612966 -1.073083 -0.002978 -0.099940   
2018-10-30  0.468125 -0.590587  0.612966 -0.877156  0.026180 -0.158062   
2018-10-31  1.130173 -0.589815  0.792430 -0.464680 -0.017968 -0.124431   
2018-11-01  1.259736 -0.589815  0.253789 -0.392390 -0.263449 -0.070446   
2018-11-02  0.938163 -0.714117  0.064213  0.408378 -0.297783 -0.039022   

                  6         7         8         9         10        11  \
1991-11-05  0.100836  0.081031  0.577116  0.695658  0.570651  0.498372   
1991-11-06  0.076563  0.096727  0.548541  0.661255  0.582199  0.522344   
1991-11-07  0.094414  0.089550  0.564620  0.661255  0.618416  0.540135   
1991-11-08  0.072954  0.101663  0.582658  0.647594  0.659054  0.547929   
1991-11-11  0.061002  0.106908  0.614336  0.548541  0.661255  0.570651   
1991-11-12  0.074948  0.096527  0.645729  0.564620  0.661255  0.608939   
1991-11-13  0.063083  0.103971  0.668231  0.582658  0.647594  0.637941   
1991-11-14  0.029508  0.068406  0.660045  0.582658  0.599626  0.660747   
1991-11-15  0.046862  0.085960  0.648849  0.597280  0.577116  0.696059   
1991-11-18 -0.010632  0.074600  0.714611  0.668231  0.582658  0.661255   
1991-11-19 -0.022850  0.099162  0.803410  0.660045  0.582658  0.622909   
1991-11-20 -0.061320  0.101231  0.905036  0.648849  0.597280  0.595197   
1991-11-21 -0.052495  0.128941  1.009227  0.648849  0.614336  0.575468   
1991-11-22 -0.056410  0.091938  0.976579  0.649636  0.645729  0.556424   
1991-11-25 -0.067959  0.090086  0.940040  0.905036  0.648849  0.582658   
1991-11-26 -0.066072  0.114327  0.914130  1.009227  0.648849  0.606964   
1991-11-27 -0.091959  0.124246  0.890409  0.976579  0.649636  0.630359   
1991-11-28 -0.085804  0.133338  0.899829  0.976579  0.714611  0.652175   
1991-11-29 -0.076192  0.108564  0.894721  0.982136  0.803410  0.658998   
1991-12-02 -0.076435  0.100194  0.874505  0.890409  0.976579  0.648849   
1991-12-03 -0.067248  0.099410  0.876882  0.899829  0.976579  0.710579   
1991-12-04 -0.048161  0.102923  0.908372  0.894721  0.982136  0.778320   
1991-12-05 -0.052731  0.070192  0.946682  0.894721  0.940040  0.848442   
1991-12-06 -0.051909  0.075039  0.956417  0.902207  0.914130  0.928195   
1991-12-09 -0.076391  0.067830  1.000020  0.908372  0.894721  0.976579   
1991-12-10 -0.061933  0.061011  0.957019  0.946682  0.894721  0.958663   
1991-12-11 -0.057359  0.063242  0.908693  0.956417  0.902207  0.937018   
1991-12-12 -0.081119  0.041735  0.888882  0.956417  0.874505  0.916494   
1991-12-13 -0.070135  0.046612  0.900075  0.991990  0.876882  0.889060   
1991-12-16 -0.076907  0.029784  0.859859  0.908693  0.956417  0.894721   
...              ...       ...       ...       ...       ...       ...   
2018-09-24  0.011520 -0.090821  0.433682  0.547038  0.611378  0.453692   
2018-09-25  0.025249 -0.090109  0.433757  0.510027  0.611378  0.494906   
2018-09-26  0.030807 -0.101982  0.444507  0.496742  0.613969  0.533497   
2018-09-27  0.110399 -0.102258  0.454004  0.496742  0.609211  0.566181   
2018-09-28  0.127957 -0.106148  0.463551  0.475445  0.588709  0.595608   
2018-10-01  0.128728 -0.112302  0.484407  0.444507  0.496742  0.611378   
2018-10-02  0.126885 -0.138329  0.489630  0.454004  0.496742  0.607561   
2018-10-03  0.173753 -0.151688  0.509186  0.463551  0.475445  0.598987   
2018-10-04  0.186979 -0.171834  0.543370  0.463551  0.433682  0.563684   
2018-10-05  0.227396 -0.133979  0.570389  0.481679  0.433757  0.524931   
2018-10-08  0.171334 -0.136313  0.648473  0.509186  0.463551  0.496742   
2018-10-09  0.182030 -0.143635  0.672185  0.543370  0.463551  0.458564   
2018-10-10  0.205535 -0.138789  0.672288  0.570389  0.481679  0.439721   
2018-10-11  0.194063 -0.123027  0.760145  0.570389  0.484407  0.442906   
2018-10-12  0.158011 -0.122264  0.819639  0.594289  0.489630  0.451923   
2018-10-15  0.161831 -0.092044  0.936397  0.672288  0.570389  0.463551   
2018-10-16  0.126716 -0.070029  1.085793  0.760145  0.570389  0.480302   
2018-10-17  0.095066 -0.028686  1.115221  0.819639  0.594289  0.487605   
2018-10-18  0.119462 -0.042058  1.142108  0.819639  0.648473  0.503666   
2018-10-19  0.103181 -0.015635  1.162380  0.845265  0.672185  0.535044   
2018-10-22  0.135969 -0.022920  1.193945  1.115221  0.819639  0.570389   
2018-10-23  0.182971 -0.056186  1.222131  1.142108  0.819639  0.618858   
2018-10-24  0.190732 -0.028387  1.242798  1.162380  0.845265  0.649710   
2018-10-25  0.160115 -0.069551  1.134388  1.162380  0.936397  0.665526   
2018-10-26  0.192979 -0.045538  1.072592  1.198179  1.085793  0.743809   
2018-10-29  0.155359 -0.083640  0.944016  1.242798  1.162380  0.819639   
2018-10-30  0.202129 -0.067604  0.831291  1.134388  1.162380  0.880049   
2018-10-31  0.195644 -0.074974  0.867893  1.072592  1.198179  0.996413   
2018-11-01  0.174038 -0.083573  0.902371  1.072592  1.193945  1.098156   
2018-11-02  0.166924 -0.054546  0.908538  1.035855  1.222131  1.125209   

                  12        13        14        15  
1991-11-05  0.474467  0.457471  1.122349  0.948753  
1991-11-06  0.473575  0.416280  1.119331  0.938822  
1991-11-07  0.474107  0.410559  1.115683  0.929761  
1991-11-08  0.481800  0.409457  1.110133  0.920142  
1991-11-11  0.484737  0.408571  1.104444  0.909869  
1991-11-12  0.494495  0.412469  1.099268  0.900148  
1991-11-13  0.499986  0.418929  1.092041  0.891472  
1991-11-14  0.501261  0.427856  1.079951  0.884490  
1991-11-15  0.514570  0.443947  1.069024  0.877715  
1991-11-18  0.529359  0.459726  1.060972  0.870422  
1991-11-19  0.542322  0.467922  1.053460  0.863248  
1991-11-20  0.552511  0.475144  1.048006  0.857249  
1991-11-21  0.564468  0.476374  1.043704  0.849945  
1991-11-22  0.567229  0.477195  1.039695  0.840300  
1991-11-25  0.569992  0.476485  1.035681  0.830625  
1991-11-26  0.576786  0.474467  1.033698  0.820354  
1991-11-27  0.584143  0.473575  1.031481  0.809175  
1991-11-28  0.591857  0.474107  1.029257  0.799960  
1991-11-29  0.603554  0.481800  1.027940  0.788168  
1991-12-02  0.607408  0.484737  1.027682  0.776639  
1991-12-03  0.618032  0.494495  1.029088  0.765542  
1991-12-04  0.624715  0.499986  1.031279  0.754464  
1991-12-05  0.629001  0.501261  1.033474  0.746868  
1991-12-06  0.635092  0.514570  1.021426  0.737663  
1991-12-09  0.651135  0.529359  1.024266  0.733747  
1991-12-10  0.670964  0.542322  1.026518  0.730012  
1991-12-11  0.690497  0.552511  1.028323  0.721208  
1991-12-12  0.712579  0.564468  1.030282  0.711632  
1991-12-13  0.722754  0.567229  1.034419  0.704602  
1991-12-16  0.744075  0.569992  1.037937  0.698823  
...              ...       ...       ...       ...  
2018-09-24  0.525944  0.571726  0.908732  0.861514  
2018-09-25  0.522260  0.550685  0.906192  0.859451  
2018-09-26  0.522501  0.532449  0.911739  0.858590  
2018-09-27  0.520301  0.530139  0.912762  0.858757  
2018-09-28  0.512911  0.530883  0.913808  0.858521  
2018-10-01  0.511373  0.535049  0.915768  0.858210  
2018-10-02  0.506725  0.537574  0.916855  0.859425  
2018-10-03  0.506289  0.542550  0.922535  0.861216  
2018-10-04  0.505005  0.549176  0.919212  0.864850  
2018-10-05  0.501004  0.549009  0.914486  0.871903  
2018-10-08  0.505984  0.549611  0.901764  0.879272  
2018-10-09  0.508971  0.551310  0.888135  0.886442  
2018-10-10  0.505616  0.545619  0.874501  0.893499  
2018-10-11  0.509526  0.537191  0.863030  0.899352  
2018-10-12  0.515327  0.532324  0.851065  0.905161  
2018-10-15  0.512506  0.525944  0.838422  0.912898  
2018-10-16  0.516815  0.522260  0.823350  0.918653  
2018-10-17  0.521284  0.522501  0.811815  0.919913  
2018-10-18  0.521590  0.520301  0.803254  0.916494  
2018-10-19  0.522753  0.512911  0.797877  0.909309  
2018-10-22  0.520822  0.511373  0.797902  0.904515  
2018-10-23  0.514533  0.506725  0.794154  0.896260  
2018-10-24  0.511961  0.506289  0.791634  0.889173  
2018-10-25  0.511860  0.505005  0.787010  0.880842  
2018-10-26  0.514872  0.501004  0.777416  0.874431  
2018-10-29  0.523159  0.505984  0.764015  0.868465  
2018-10-30  0.527705  0.508971  0.749151  0.862812  
2018-10-31  0.532755  0.505616  0.731079  0.860619  
2018-11-01  0.568149  0.509526  0.712257  0.859140  
2018-11-02  0.606969  0.515327  0.696025  0.863056  

[6794 rows x 16 columns]"
6,"                  0         1         2         3         4         5   \
1994-05-18  1.536805  0.732130 -2.054195  0.545944  0.588210  0.360271   
1994-05-19  4.015626  0.732130 -2.277563 -0.213972  0.746995  0.290381   
1994-05-20  3.362026  1.863339 -0.109020 -1.793876  0.720656  0.534218   
1994-05-23  4.066280  1.536805  0.732130 -1.512270  0.581501  1.107342   
1994-05-24  2.910607  4.015626  0.732130 -2.401897  0.045244  1.289289   
1994-05-25  2.267754  3.362026  1.863339 -0.673051 -0.122214  0.718700   
1994-05-26  2.364147  3.362026  0.189357 -0.103104 -0.215657  0.367788   
1994-05-27  1.932218  4.440265  1.097699  1.700225  0.099529  0.302715   
1994-05-30  2.201020  2.267754  3.362026  0.732130  0.026592 -0.109840   
1994-05-31  1.136349  2.364147  3.362026  1.300485  0.536045 -0.325291   
1994-06-01  1.241969  1.932218  4.440265  0.862271  0.701672 -0.447946   
1994-06-03  2.276417  1.900776  2.910607  2.802291  0.955345 -0.196402   
1994-06-06  3.668131  1.241969  1.932218  3.362026  0.465797  0.215590   
1994-06-07  3.237097  1.587791  1.932218  3.963809  0.313950  0.762650   
1994-06-08  1.880972  2.276417  1.900776  3.447540  0.579443  0.588210   
1994-06-09  1.429615  2.276417  2.201020  3.387050  1.016558  0.746995   
1994-06-10  1.532163  2.310705  1.136349  2.040843  0.893177  0.720656   
1994-06-13  0.179194  1.880972  2.276417  1.932218  0.935463  0.581501   
1994-06-14  1.112605  1.429615  2.276417  1.955332  0.955285  0.045244   
1994-06-15  0.759934  1.532163  2.310705  1.967644  1.467289 -0.122214   
1994-06-16  0.085114  1.532163  3.668131  1.220215  1.721187 -0.215657   
1994-06-17  0.937229  0.638598  3.237097  1.241969  2.057581  0.099529   
1994-06-20  1.180237  0.759934  1.532163  2.276417  2.019089  0.026592   
1994-06-21  0.347475  0.085114  1.532163  3.009634  2.320767  0.536045   
1994-06-22  0.904037  0.937229  0.638598  2.816742  2.058934  0.701672   
1994-06-23 -0.478833  0.937229  0.179194  1.880972  2.201493  1.155771   
1994-06-24 -0.508393  1.565297  1.112605  2.012151  2.235056  0.955345   
1994-06-27  1.280172  0.904037  0.937229  1.532163  2.712221  0.465797   
1994-06-28  1.831761 -0.478833  0.937229  0.195870  2.793121  0.313950   
1994-06-29  3.330577 -0.508393  1.565297  0.452603  2.410366  0.579443   
...              ...       ...       ...       ...       ...       ...   
2018-10-29 -0.273630 -0.143761  0.209893  0.140835  0.546174  0.036423   
2018-10-30  0.747015 -0.017045  0.209893 -0.512954  0.473425  0.027739   
2018-10-31  0.648510  0.238230  0.176700 -0.055991  0.279888  0.045054   
2018-11-01  0.517840  0.238230 -0.016453  0.405489  0.250734 -0.008889   
2018-11-05  0.666826  0.648510  0.238230  0.209893  0.219864  0.078958   
2018-11-06  0.309535  0.517840  0.238230  0.353010  0.421220  0.141995   
2018-11-07 -0.168385  0.517840  0.033225 -0.058078  0.387792  0.227294   
2018-11-08 -0.512582  0.517840 -0.273630 -0.404354  0.289917  0.279078   
2018-11-09 -0.406890  1.174453  0.747015  0.043950  0.235382  0.167507   
2018-11-12 -0.578519 -0.168385  0.517840  0.238230  0.341423  0.120430   
2018-11-13 -0.519841 -0.512582  0.517840 -0.263820  0.365499  0.273107   
2018-11-14  0.068254 -0.406890  1.174453  0.258283  0.088404  0.449590   
2018-11-16  0.542719 -0.724376  0.309535  0.666138  0.154107  0.401500   
2018-11-19  0.757324  0.068254 -0.406890  0.517840  0.090130  0.546174   
2018-11-21  0.333134  0.542719 -0.724376  0.332345  0.078522  0.279888   
2018-11-22 -0.253357  0.542719 -0.578519  0.057874  0.248378  0.250734   
2018-11-23 -0.420682  0.752849 -0.519841 -0.512582  0.307998  0.270375   
2018-11-26 -0.436605  0.333134  0.542719 -0.406890  0.345002  0.219864   
2018-11-27  0.123102 -0.253357  0.542719 -0.597035  0.277418  0.421220   
2018-11-28  0.334917 -0.420682  0.752849 -0.555295  0.108886  0.387792   
2018-11-29  0.648798 -0.420682  0.757324 -0.254431  0.003559  0.289917   
2018-11-30  0.489313 -0.411252  0.732382  0.068254  0.101066  0.235382   
2018-12-03  0.353571  0.334917 -0.420682  0.542719  0.076026  0.341423   
2018-12-04 -0.112272  0.648798 -0.420682  0.452393 -0.025351  0.365499   
2018-12-05 -0.119534  0.489313 -0.411252  0.757324  0.043435  0.088404   
2018-12-06 -0.117633  0.489313 -0.436605  0.333134  0.167727  0.053571   
2018-12-07 -0.200613  0.739807  0.123102  0.288417  0.247651  0.154107   
2018-12-10 -0.496436 -0.119534  0.489313 -0.420682  0.125630  0.090130   
2018-12-11 -0.477279 -0.117633  0.489313 -0.436605  0.246986  0.052004   
2018-12-12 -0.337731 -0.200613  0.739807  0.005409  0.027655  0.078522   

                  6         7         8         9         10        11  \
1994-05-18  1.676434  1.204804  3.022283  2.788784  2.868221  2.902885   
1994-05-19  1.552886  1.231882  3.063086  2.788784  2.758767  2.850809   
1994-05-20  1.411649  1.213195  3.076012  2.892938  2.759796  2.878939   
1994-05-23  1.370146  1.246181  3.017407  3.022283  2.788784  2.837218   
1994-05-24  1.339006  1.255133  2.848427  3.063086  2.788784  2.769010   
1994-05-25  1.390243  1.317953  2.706371  3.076012  2.892938  2.777257   
1994-05-26  1.255324  1.350724  2.561085  3.076012  2.913355  2.775568   
1994-05-27  1.233181  1.327115  2.510441  3.111793  2.959268  2.737708   
1994-05-30  1.245071  1.262184  2.367783  2.706371  3.076012  2.788784   
1994-05-31  1.214285  1.281419  2.263497  2.561085  3.076012  2.900928   
1994-06-01  1.264190  1.317060  2.118568  2.510441  3.111793  2.935145   
1994-06-03  1.336519  1.253755  1.875895  2.476861  2.848427  3.039666   
1994-06-06  1.158399  1.312142  1.604523  2.118568  2.510441  3.076012   
1994-06-07  1.125714  1.420083  1.484537  2.055467  2.510441  3.018387   
1994-06-08  0.950050  1.390855  1.602641  1.875895  2.476861  2.916333   
1994-06-09  1.000633  1.348942  1.697361  1.875895  2.367783  2.786936   
1994-06-10  1.114902  1.374915  1.700266  1.809285  2.263497  2.674410   
1994-06-13  1.195102  1.391489  1.816393  1.602641  1.875895  2.510441   
1994-06-14  1.132257  1.432397  1.795012  1.697361  1.875895  2.396634   
1994-06-15  0.967055  1.414645  1.833507  1.700266  1.809285  2.318992   
1994-06-16  0.890089  1.473773  1.894392  1.700266  1.604523  2.204168   
1994-06-17  0.656405  1.455625  1.906678  1.747947  1.484537  2.118568   
1994-06-20  0.555727  1.445732  1.850793  1.833507  1.700266  1.875895   
1994-06-21  0.481452  1.427971  1.830985  1.894392  1.700266  1.734349   
1994-06-22  0.401124  1.427971  1.749324  1.906678  1.747947  1.605115   
1994-06-23  0.401124  1.415283  1.666794  1.906678  1.816393  1.602641   
1994-06-24  0.553171  1.333224  1.651094  1.913179  1.795012  1.625324   
1994-06-27  0.831145  1.309763  1.708430  1.749324  1.906678  1.700266   
1994-06-28  0.888445  1.488930  1.829540  1.666794  1.906678  1.774492   
1994-06-29  0.705906  1.471699  2.002447  1.651094  1.913179  1.827400   
...              ...       ...       ...       ...       ...       ...   
2018-10-29  0.146372 -0.123354  0.950590  1.046668  1.177895  1.140656   
2018-10-30  0.131585 -0.121001  0.980299  0.978908  1.177895  1.182583   
2018-10-31  0.139428 -0.137969  1.032277  0.967271  1.169187  1.227229   
2018-11-01  0.119040 -0.128033  1.053322  0.967271  1.152414  1.199751   
2018-11-05  0.071551 -0.127616  1.038517  1.032277  0.967271  1.177895   
2018-11-06  0.042071 -0.122288  1.015873  1.053322  0.967271  1.169346   
2018-11-07  0.033037 -0.105531  1.031742  1.053322  0.916593  1.097854   
2018-11-08  0.037408 -0.095099  1.032022  1.053322  0.950590  1.069935   
2018-11-09  0.041998 -0.089704  1.029520  1.065895  0.980299  1.015277   
2018-11-12  0.033366 -0.094073  1.017911  1.031742  1.053322  0.967271   
2018-11-13 -0.000852 -0.097813  0.976614  1.032022  1.053322  0.936395   
2018-11-14  0.011002 -0.099215  0.879712  1.029520  1.065895  0.979504   
2018-11-16 -0.002366 -0.071597  0.830059  1.033644  1.015873  1.026803   
2018-11-19  0.009574 -0.083157  0.758177  0.879712  1.029520  1.053322   
2018-11-21  0.006653 -0.076264  0.800203  0.830059  1.033644  1.036310   
2018-11-22  0.019798 -0.072204  0.780061  0.830059  1.017911  1.025033   
2018-11-23  0.041944 -0.052087  0.779074  0.784494  0.976614  1.032022   
2018-11-26 -0.004610 -0.057164  0.745161  0.800203  0.830059  1.029520   
2018-11-27  0.017831 -0.037581  0.755963  0.780061  0.830059  1.020267   
2018-11-28 -0.003067 -0.029815  0.775054  0.779074  0.784494  0.991794   
2018-11-29  0.002194 -0.044542  0.783265  0.779074  0.758177  0.910342   
2018-11-30  0.004941 -0.038393  0.788162  0.769306  0.814640  0.879712   
2018-12-03 -0.016425 -0.031142  0.777363  0.775054  0.779074  0.830059   
2018-12-04  0.030852 -0.047198  0.740496  0.783265  0.779074  0.790465   
2018-12-05  0.079046 -0.035236  0.706888  0.788162  0.769306  0.758177   
2018-12-06  0.072030 -0.032679  0.674501  0.788162  0.745161  0.800203   
2018-12-07  0.055013 -0.029116  0.667750  0.817021  0.755963  0.790271   
2018-12-10  0.088269 -0.032254  0.691962  0.706888  0.788162  0.779074   
2018-12-11  0.095118 -0.032611  0.675271  0.674501  0.788162  0.745161   
2018-12-12  0.067363 -0.043177  0.641759  0.667750  0.817021  0.759036   

                  12        13        14        15  
1994-05-18  2.841820  2.192169  2.374793  1.788241  
1994-05-19  2.850676  2.289890  2.380541  1.782703  
1994-05-20  2.863547  2.373579  2.392937  1.779945  
1994-05-23  2.864967  2.446798  2.399182  1.779388  
1994-05-24  2.863901  2.515238  2.409429  1.779898  
1994-05-25  2.870183  2.583989  2.417540  1.778523  
1994-05-26  2.878076  2.655263  2.427726  1.781312  
1994-05-27  2.854741  2.716262  2.439903  1.786894  
1994-05-30  2.812635  2.723441  2.448343  1.791518  
1994-05-31  2.842516  2.729897  2.455614  1.793232  
1994-06-01  2.877763  2.738723  2.452516  1.795143  
1994-06-03  2.915775  2.791033  2.473905  1.801327  
1994-06-06  2.908160  2.830315  2.496898  1.804314  
1994-06-07  2.885787  2.836068  2.519536  1.809480  
1994-06-08  2.891525  2.841820  2.530777  1.816565  
1994-06-09  2.891632  2.850676  2.536902  1.825405  
1994-06-10  2.900580  2.863547  2.539269  1.831947  
1994-06-13  2.884677  2.864967  2.549144  1.845031  
1994-06-14  2.872104  2.863901  2.557655  1.857999  
1994-06-15  2.855291  2.870183  2.572469  1.871236  
1994-06-16  2.836507  2.878076  2.588047  1.885355  
1994-06-17  2.785424  2.854741  2.600306  1.897755  
1994-06-20  2.746994  2.812635  2.599646  1.904085  
1994-06-21  2.731473  2.842516  2.592749  1.913364  
1994-06-22  2.676200  2.877763  2.588172  1.913364  
1994-06-23  2.665370  2.913761  2.588172  1.928942  
1994-06-24  2.558789  2.915775  2.602898  1.948204  
1994-06-27  2.463026  2.908160  2.617634  1.969242  
1994-06-28  2.374626  2.885787  2.624936  1.981473  
1994-06-29  2.303603  2.891525  2.620451  1.994288  
...              ...       ...       ...       ...  
2018-10-29  0.771679  0.805313  0.650767  0.651540  
2018-10-30  0.791149  0.802647  0.651414  0.649045  
2018-10-31  0.817642  0.795280  0.650943  0.646985  
2018-11-01  0.851163  0.791587  0.653079  0.647126  
2018-11-05  0.895354  0.774482  0.654771  0.649583  
2018-11-06  0.924974  0.759035  0.657422  0.651501  
2018-11-07  0.956742  0.742157  0.659210  0.653570  
2018-11-08  0.991329  0.731853  0.660959  0.653606  
2018-11-09  1.025904  0.723494  0.665597  0.653793  
2018-11-12  1.058146  0.720633  0.673441  0.656229  
2018-11-13  1.071605  0.724652  0.675786  0.656611  
2018-11-14  1.079025  0.731940  0.682945  0.657851  
2018-11-16  1.079688  0.748590  0.692462  0.659691  
2018-11-19  1.086937  0.771679  0.698918  0.659399  
2018-11-21  1.092889  0.817642  0.711435  0.660611  
2018-11-22  1.078160  0.851163  0.714647  0.662464  
2018-11-23  1.067080  0.861082  0.718402  0.663692  
2018-11-26  1.063476  0.895354  0.723983  0.665482  
2018-11-27  1.051274  0.924974  0.725290  0.667145  
2018-11-28  1.038970  0.956742  0.726379  0.668362  
2018-11-29  1.033433  0.991329  0.728126  0.669403  
2018-11-30  1.023866  1.025904  0.730355  0.670456  
2018-12-03  1.010933  1.058146  0.732548  0.672695  
2018-12-04  0.992090  1.071605  0.738982  0.674734  
2018-12-05  0.976465  1.079025  0.746093  0.675718  
2018-12-06  0.976476  1.078635  0.754272  0.676662  
2018-12-07  0.971561  1.079688  0.762485  0.677656  
2018-12-10  0.963536  1.086937  0.772205  0.676711  
2018-12-11  0.959531  1.090280  0.782518  0.677262  
2018-12-12  0.934621  1.092889  0.796648  0.678427  

[6083 rows x 16 columns]"
